5.691746044866499
5.008885054919323
7.612245207916024
7.187052433268433
9.381604222890312
9.80528756517334
11.085838940842425
8.654501718835595
10.710833666275771
9.023023973115073
8.068308319501988
8.76040314326319
9.994361332912078
10.656372914895632
14.058372490228141
14.486743753775432
16.269885774334746
16.101736118382135
16.24694070649448
17.368858845579837
18.596892183524858
18.325140232224477
18.93900624419917
18.856882393614814
20.161022791709012
20.908478262065984
22.486482580841013
20.373474365740908
21.645152205778384
24.440249360720475
22.821550400947473
22.847311701718183
23.31064444475371
24.249016352681963
27.442473630155007
26.427502699731743
29.189855512397195
27.098211815315427
31.368480892197525
33.41562967483462
31.533226370538493
33.89388278229166
27.04501400016778
28.497250940869915
32.819219206949064
29.771275247182427
24.86268450660799
23.07173779340546
25.646010739879156
23.199004234722388
17.468437940992516
16.684896738867373
18.863513979351044
20.23351504185548
22.161197080746263
26.374888052771464
22.608068213445332
16.756910734543954
19.46909573629294
19.979595024343187
18.804055755061306
19.748374166509223
19.22029469607465
20.404240041146974
20.123194560110893
19.472442134123426
18.441765961230093
16.956544943516416
15.657951505998964
13.692172944174676
15.838374158962312
12.402287919583546
10.78823249419813
10.920095432945036
9.26438315182152
9.201044086863687
10.403635789385902
10.18335498127387
9.184100438385162
5.993885792743897
6.493179754148376
5.6113341196025655
4.993020623229515
6.917607968402996
7.469964149275752
5.373274782271644
2.879558326586741
3.759444622604946
4.613488737922953
3.0842057830316305
3.870181282643259
4.574415901351172
3.6849182328610794
2.0713667271500302
2.032806705236417
2.948047642457481
4.4410186166813475
6.299872563916161
9.09577761629089
11.070655150540814
16.240774024851063
17.36933997972337
15.248343575205325
13.555600667209637
13.934773150520805
16.305378028390702
15.412385104580867
10.017956141124973
8.866029243269011
7.618344023726204
6.155292016713491
4.759031294370134
3.7552923003871186
3.086679739878682
3.2702626092200573
4.194988373902582
6.068481887324472
5.8626220040182595
4.574863732008362
4.471283476716887
3.8506854025522768
6.174441551950818
4.450849226244362
5.8742454301297125
6.971052214869535
10.392074810942296
12.827742489305733
13.300096612315041
13.431450923697716
12.992808278100318
13.307452654059404
6.917160193641549
11.265686548864357
10.152391003799005
21.108645742670383
20.94378441080032
18.375751757343192
17.443647524435494
3.6442983016701413
1.5643096162787553
0.5953193311495167
1.2511748023525504
2.381489241450011
2.202246415499396
2.6492173112538873
2.3144796215491543
2.676749063348437
2.3137346550044526
2.6616494729514675
2.2952676451747704
2.2716091522015427
1.9925605456616535
2.098073981737674
3.020768011273063
2.761747937695898
3.7119118482985582
3.9312515344868073
5.078573076553303
6.162165743940397
4.821376878610733
3.263511769022684
2.5833919646820656
5.260386832726504
4.0367609706268945
3.0365069092068806
1.5478189169192875
2.3334253431756076
2.0977975431813336
3.0836719840674554
3.870855356247497
2.933163236550978
2.4252757824247255
5.768285583899047
7.316515032749583
6.796783021285387
9.03497550635645
8.217773104905145
11.857305696038374
10.812771663170079
12.835989702269034
13.408320263254652
10.979602551135361
15.303573757331023
17.239250102160987
17.549963470687068
14.287662786423265
13.359361517749571
12.67819607249191
6.147796697454843
7.002948123310905
3.8115907498324937
1.656715439095025
0.6525239882445689
1.0557616692478888
1.763194839417224
1.181952848994621
2.214155594586793
1.351879328239162
0.6227476891712194
1.9285857810548965
11.725533921651111
18.787539022277116
14.643197824073226
12.306309581985502
11.368847256991426
12.272470759679765
9.403701180560722
8.448387428390006
10.507799940240407
11.37543244213493
12.69182639073528
13.407672599015553
12.062949839986638
13.953431441695853
15.514662790687867
15.705539746715015
16.888197743479072
17.659370811571456
18.429456874334182
18.34519289702749
18.871321613384556
18.78966727259327
19.533629986718445
20.498706934538863
24.19747411533687
29.777729145019382
27.30477870876226
27.121460362745626
24.420614957150107
27.01343397261033
26.13761566353753
24.74172944323245
24.023410990447868
23.39022392763302
22.256644544347417
23.10810793403197
22.83959874786282
21.891661585736106
22.134271753435264
21.83534729484815
19.546397959637172
19.239148840434357
19.01927298469092
20.70022083212487
19.03590524319085
22.161722626186553
20.683506777496817
25.99062179030338
23.087540527932042
27.07518806676644
25.74397032270453
24.915969843057226
24.63315754963304
22.00252046788913
20.71558667269648
19.994374084692875
20.099630510850055
20.965190721202465
21.17881769647613
19.754720767952428
17.924364179668178
17.239210458733382
16.600325049320077
17.31897280551325
18.20552268107376
16.90298943581782
14.585996188734171
13.795212617932934
13.659973712307767
12.723511592515653
11.730628282380001
12.343605338801115
10.107897545408658
0.0
0.5262390670553936
1.3354886733098192
2.358153208611369
2.6104266889356587
2.8588605619205962
2.7065683608076236
2.9368791526512243
3.0317474203055332
2.402795375930223
2.7245499942188225
2.8233934074364733
2.7856876668800856
2.3426144758688294
1.8033084177987082
2.083330508692309
0.0
1.0
1.75
0.9993425378040761
2.1683371573481462
2.151538903232683
2.5948605905155793
2.8803764144537043
2.602458516342246
2.4597216804602353
2.676240635132313
8.312169875990836
12.686382794792264
12.660750075841678
17.05632250667515
17.769912543452783
18.73426489802789
19.756422019963285
22.91665932338108
26.127174574938415
28.602208659529992
29.823294541584303
29.378539999308245
27.470608798167124
28.0345439373946
26.86499327865355
25.019681303000613
22.879234425813593
23.047557977460503
21.23805413989586
21.14141847577346
20.467953903601916
19.602358197946295
20.22703223678408
19.606361477042842
17.086063457632278
16.455344626388467
13.830688716826167
14.971560092689623
13.378857380677212
13.471531350316708
11.462118297548512
11.36949450552925
10.789431366731534
10.621191767938198
10.263352223483437
10.515051602993287
9.078998569065773
9.547939202691566
8.771200146749388
8.69723890078651
9.413122694760514
8.342198054106603
6.943987660671382
7.085388256114416
7.511394914000662
7.162677625787243
6.51445610934154
6.896343160127599
5.300554984535778
5.628791768173649
6.228589207735288
6.353606992261855
6.827370192774521
7.102556221529045
6.81670940949272
6.984993214246185
6.969992472408165
6.501914509189043
2.9949193514416286
2.892188480756443
3.1462852464697186
2.560836640883476
2.750305111652291
3.3797993220044056
5.294461049746227
5.178458674681265
5.107130294571661
7.6094874043802285
5.228184777053821
2.66759437098671
2.991019795993544
2.7053048270305293
2.4175198077884854
1.4276089670572545
2.1472050707281154
3.1436464747467783
4.7674406358790975
5.475291075983027
6.318480451169712
9.007557263801942
11.218955819603433
12.166190307663436
12.360276664876746
13.265197268715466
12.03489904249123
14.935697189165076
16.057115475970186
17.36898158595318
18.162919262280866
20.002224744189384
20.628901225778456
20.580671962524384
17.694880530658132
17.431144491547325
18.347880341200554
18.267727877360848
18.810362110724856
20.409817962023574
21.585253307971424
21.475808646785687
8.312169875990836
10.929885983143755
8.866657813361337
8.153569133816685
11.761413825727178
12.837301200118597
13.52768128538122
15.850313269012325
16.60821259347221
18.300788266127434
19.420008693693564
25.059566946064326
25.256300246283026
25.799658643252883
29.012852076897957
29.71107369478672
29.032868208373593
27.895528581730307
23.793761369231103
21.786133863465903
23.479571802935222
20.45879076906193
19.9204044360167
18.78947870168656
18.19766092602865
17.73921534744566
17.234588266278404
16.812940953882237
18.24135139465263
17.405755837362076
16.89140737598281
15.59730361616148
19.056733364085098
19.960577768980542
18.288097073382716
21.865057402836303
17.070891956799354
16.11562600628582
15.396544169570339
14.898281386763973
14.048348934777657
13.634475306395077
12.517015751269904
12.315489116325606
10.740510921810687
11.30210470275306
10.722576083482165
11.105622469308335
9.723354823515368
8.497005349800697
9.533257429224252
10.295949563053606
9.998287360465508
9.553082670850985
8.010794854504685
8.893196225022631
9.106161187037847
8.208025730011816
8.374666051359005
8.596844256418748
7.042794196094104
7.6450673619157135
7.679596225655496
8.25171390519415
8.7383803001609
7.960674267019574
7.932775984993392
8.33648144836938
8.66154331405765
8.213378332573484
7.753207056895064
7.029714024195963
7.303004269432968
7.510039360448258
7.728091875627199
8.407757073513691
7.097171516682506
6.470341833636821
6.77796404249616
5.513111988988461
6.318009643741818
5.040653213119713
5.492317126855626
4.944144904340346
5.513497417597065
6.10538904277179
7.014337255459131
7.473605288673635
9.492685971526004
9.075381340170663
9.736940632105265
9.3670811830989
9.233997335348121
8.585247618217117
7.553320981242876
7.192956845320347
6.823846823582954
7.0128399136032735
6.842487209120753
6.155576069136472
20.12506887788984
26.99455158989877
25.711440219433364
27.49392839772804
28.978232207619115
27.83544019164838
27.335892766354522
30.893486651065928
30.605856875155887
29.477609503689713
28.52740317362292
27.775827259444746
31.139597593759863
28.420496438888616
27.295115625409274
26.589867154614787
26.140785617932924
20.940570790311
18.23223087630742
17.62061107155316
13.683963043187276
13.097932517194645
13.412727240635313
8.711340656641443
9.062161245941816
9.189854133024163
8.552985628310422
8.644832977226226
6.589940869953438
6.8877381824662995
6.615155451620347
7.051393792463585
6.106260582254383
5.8123154604309235
4.5132862797714
4.4890952756694755
3.676934277492862
4.113868959631412
3.8373591989865483
4.387199770531023
4.028498467099432
4.695655943137698
5.450079734124299
5.877334939100053
6.062342482315367
5.989112864817771
5.518975255449414
5.94679315326864
5.813519916796951
6.379069088278889
5.493732378032591
5.329628970368444
1.620832175497842
2.758171549602788
2.0393883132202673
1.3282215871730318
0.6704297698565942
1.079108744167408
2.0648170166184396
2.1356430485297953
0.9732573157186099
1.4301636026957132
0.009544601408034049
1.0039777058103858
1.7536833824098028
1.0035729153832937
0.5692044081903098
1.0033906403428239
2.1705583152717534
1.3440125298300047
0.6222583142543067
1.052284125715431
0.0007817507806349295
1.0002732997547295
0.5658867381574884
1.0465185514829436
0.00018534966179515667
1.000080676939331
2.169151067766305
1.34288740341
0.6210823884245811
1.000044019444966
2.16911724995191
3.1616003094168734
2.739549927179238
1.4979945082720414
1.4919806989294562e-05
1.0000072924856862
2.000004932909799
1.0000046021315256
2.16910010105532
3.400003608071309
3.8146145119347534
4.215045642379805
6.054625051562123
6.174229186556818
5.734537906956029
4.284273303715651
2.610026288904219
1.3643467738019133
24.187130847942957
22.65892783225211
17.219912256698265
19.667732954431493
20.451709589158884
20.552754393434434
18.625992082376712
18.83820829879746
16.857777311702232
18.762415209814232
18.3139289344274
19.551348737808784
19.462634575945433
19.70696642695694
16.839351596886235
14.3997097062883
14.752464575005744
14.765240277660437
14.168956799791047
15.284210614723548
13.935604458694206
11.833739424039509
10.95491162000268
9.032295335316311
10.866999039690613
11.681427593619357
12.870173170346975
10.900276437953755
10.252507304699936
9.878655138279402
10.82667325652846
12.340816744094052
10.444978286021442
12.475672806772339
13.17248384525104
10.633087486192593
10.758814055920258
12.112255224510282
10.096286990979428
10.834363503777054
12.033791791613044
10.087078166444563
10.518053187152672
8.760712618276727
10.622808544169757
9.264925203623994
9.951424435886397
10.972875797903821
12.358455246022023
13.154461083733686
15.05751067906764
15.36796649485519
16.628500530397393
17.473942225952968
17.607879158454402
17.20864633911649
18.962389134560855
19.12413586116493
19.31884494425148
18.511851346070454
19.204236904751816
20.260980892719072
21.008684987844745
22.712454087173356
22.264219325571162
22.562918235908715
26.315960936966825
33.69530619166674
33.80446549223298
35.79031325020222
29.86596426926404
22.228998064095023
17.400812234031157
19.653561741139832
21.050804633063112
21.82271884404633
19.720831018369186
17.87199229811032
16.24169931591713
14.697751311601515
13.910577973088522
11.712635871443945
12.450294090916438
9.35863159928565
8.127756655964168
8.58955188992291
8.606275223605842
8.621308915924049
8.55441794018961
7.726318699613097
7.491343891154122
8.121800593268297
8.516210231990994
8.589931536833655
8.262783766124254
7.499192746636055
7.626565418391627
8.783265068344859
8.974535007550818
8.863996558208159
38.59093814225134
37.443294200404445
34.956325567183306
35.69989115816566
37.582467413806505
36.14568746772919
35.14119704297865
32.97647359807055
30.619927402725082
27.189466970900426
25.956704736887133
24.001833275357438
22.593833852902627
23.150941973683775
21.36854981011709
19.269911325417382
16.386517945773186
15.16590820370968
19.585992850409596
16.54459932567053
17.077735830586374
14.460179635385447
14.361666498603695
16.502706975269955
18.727151353174786
16.77889408201399
17.434986003327598
19.595556505606723
20.227883410788888
16.413325156220896
17.25095620537241
15.312818909915281
12.062881278207508
9.357190738407368
9.5719915935411
8.957368067364307
8.26593261266577
6.572566330216934
6.167570460308706
6.451252377883264
5.363999162209432
6.112047678179427
5.453721008652194
4.97041985604532
2.81161032687478
3.501791948044968
3.0178502521308292
7.9514260577805125
9.937640256233864
9.66830467081021
4.817554569685655
9.720502983116305
1.5519013474720198
2.0644882500306014
0.013557550177859423
1.0023736795780906
2.0048382112734435
0.9981989693473001
0.00043405875055806597
1.0002169693106069
0.5657608489654087
1.5805980954337833
1.9977377478821314
2.178586121597363
2.435515664222055
1.3663058660738483
1.858650352632404
1.5311717290428064
2.790888257758119
2.275439595544694
2.463444121833838
1.3405769318186036
0.635369125383489
1.2129901666677132
2.2085438176540757
1.647600795813875
2.334115493826488
1.6827704839273765
0.8981917632082246
1.0000047673178225
2.168498341303439
2.132083674660448
2.7726685913366778
2.758686645565212
2.6611462930416687
3.161150463061307
5.668374997181065
4.1967502171799556
3.8053571228064564
2.433625881037465
1.663188735755527
1.1583558667605602
2.0144067672907733
0.9750239825417427
1.974864640916206
1.3107557796321405
6.955815620720867e-05
1.0000347774674523
1.9999892102257482
0.9955736550513853
37.4530370290028
36.91365876078584
33.97217289382858
38.61379706826693
38.05948980411729
36.02936508459445
37.0206483790616
37.18439309696928
37.1179908168666
36.13306110537685
35.350803102114746
34.8703478941405
34.27991271000968
35.047178757100944
34.60728717732851
35.245232377969906
35.15900670392193
34.8506867680212
35.540520942148
34.46125115172508
33.114901503841324
32.364998196291644
30.80912501806961
27.7485047159035
25.623135714923812
24.87638604580375
23.10112344958356
17.314948700010525
19.027980523850527
14.662193451588728
12.017088713559376
9.104503518118259
8.598842812700564
7.825794288073726
7.000284998880929
5.810657275508506
8.450357853035731
8.337204265440494
7.995524271923944
8.982867396541174
5.896179545156743
6.953400058167588
8.749541590945421
7.268911788197469
8.431195757189275
6.807152232852815
4.921916988089322
4.219660770902529
2.784537944458416
2.211287750882764
1.6950599225574807
1.7849819999136383
1.1336474815109945
1.52477194828082
2.4567656440881587
1.543658627265319
2.0099172362102964
3.5958558675108305
2.6283541576704375
2.447220287337635
2.7199552973348324
3.659197608227865
5.1656469413332395
4.810057950375826
4.624281954309673
7.368769878575117
7.759437600663856
9.72307331326456
9.662927016116003
9.716918700819026
5.104216481716848
7.231796423289105
2.76637586289299
2.465487922127947
2.29320595575669
3.2204526842087065
2.800662946970284
4.99361667242006
4.839763146470535
3.7025245337403385
2.550623167864878
1.0453763183665663
0.06816622370314122
1.0541281759236318
1.7832563325150055
1.7349384313860887
3.9517796280400024
4.209287283652638
2.6507307653117573
3.6746476880437173
3.917229277692395
5.075976882411811
2.669890589635449
1.5148393077108346
2.485841889043954
3.98216160621926
4.145353482524002
1.0049070940504978
0.5706224251851274
1.0490938724918935
38.39147222675814
38.31419010340143
39.19624769709714
42.65108715490117
41.73730747848059
46.53219809047958
45.6750311036281
45.759303099334076
47.21650468079646
44.9980540358714
43.90162753060346
44.093656552398905
38.675052094723725
34.998686881546604
36.61132234139341
32.13929021056373
20.993807149287676
19.59630950417771
20.385861455239652
22.929344258925656
18.72278195179286
21.5252885873448
18.551931789038395
15.596325465793681
14.78616844379777
13.127281216658908
11.762771133050737
10.78414499195077
7.899681453742651
7.468845072754593
6.155843538573965
5.645679233289643
3.800948783598071
4.412289347559404
3.4298525350559865
3.6622430191028448
5.07404275533623
6.470727675553476
6.057961014090278
5.817052159040964
4.605470283836963
5.066280518955791
2.832072414815231
1.1525068051623053
1.5881640720361399
1.1570381175017412
1.519056954584116
2.4602518876452413
1.2189958451906793
2.3326010031505744
2.158020215952479
0.14165393438577173
1.129906838117302
0.4501333717534285
1.0889845867759735
1.8139850368285955
1.218658135275389
0.6340883503372328
1.2784372246654414
2.2458056630996204
1.4645604330881206
2.298916040217635
1.3757138634846058
1.8500667820917542
1.7675777806008486
2.390586772325582
3.670815035672315
5.441530977630356
5.707713497447016
3.6701323595622553
1.6874252301434092
2.6814267224625037
1.0031303480419111
0.5688034281821644
1.0030009461444727
1.7521267814106753
1.7209066761720742
0.001274790779727723
1.0006184567407024
2.1695293710104155
1.0004275944220975
1.7503603770523806
1.7199841492064936
2.3706114395664213
1.000181478342085
0.5657828168265322
1.0464634276558742
2.180270736368594
3.171480165279632
2.7421876626606125
1.0000535733375775
2.16914031737676
1.3428790606316636
1.8357231846802227
3.447658311554789
2.8553785080396206
3.8226623706878264
3.981347110168603
4.345753163635443
5.6608953436241904
29.146436964561666
23.98898772416299
20.49079268441905
15.304208243733054
13.362384571029457
12.13725308155749
8.644973254891875
8.723520262093174
9.570078620208434
9.438024944387724
7.521143199389886
5.400011000782605
5.762379797127344
5.369353177304402
3.7503586685011787
3.663206182930734
3.1908545701529403
3.491764605047312
3.8786097926070413
2.0428070686588646
2.6119835218644654
1.7873126535927777
1.206269263547163
2.8824309976216913
2.3806978165372725
1.8868362760082218
2.330297405871492
3.053282943972395
5.515982917331799
7.070802396895386
6.604718167872903
7.1284596419515225
2.9763134988083433
1.7985112266709646
2.092474276297178
3.7104287997488865
3.0605378816134374
7.417035734929208
9.224888127491985
9.603214470209258
8.715498446932653
6.510962740509593
10.947414440705034
12.961122476394799
8.161247965619708
5.6775121905339825
10.317085573379208
9.315986410452595
4.738006485680489
1.9173382130593484
0.7699744520342282
2.0240557438641043
4.3515549383281975
4.410432443798328
4.354957023149745
1.9599602785018388
2.938156350135338
2.4333067274791103
0.04747518650642334
1.0195590494395281
0.02096355442413704
1.0086838324622573
2.176427502812412
2.026672458454644
2.1285706790268493
1.250805569116934
2.235438368984357
3.4825638746847436
3.8612016436763286
4.246057911301343
6.099225265406196
7.710208841558128
7.773406151443854
7.907210908576903
7.249221127753861
1.0015105143383378
1.7516472685240962
2.664030384325176
0.001204012646580171
1.0006021532812404
0.0007149971458316948
1.0006246627827973
0.5662228795977741
1.0005900852812826
1.7503835549872822
1.0004256313663684
0.0006639531529710974
1.0005250792543414
2.169260541161491
2.0205180483542593
2.4896956728465236
1.4151580920644369
0.6321031183886374
1.279292971379664
0.608603888613078
1.0504773553763531
1.7613344607538948
1.0000184983324703
2.000008893451304
3.400008541162931
11.725533921651111
18.787539022277116
20.238222175967618
20.722016117070652
21.25401930702851
21.118632775561398
23.16545680160815
21.99919336962978
22.330371457546953
21.569743341149167
19.6512761839022
19.891631348205614
15.714294062712655
13.68667444954417
8.531692536340278
10.722898354054017
12.841278691301621
13.987034686390366
15.73867285363394
15.95443948051014
15.964167681421458
17.7505825130668
18.309876187314906
20.100092292380427
23.062957062519718
27.127447952090968
28.376011615235964
26.405790801589266
25.581047788440113
20.41790438686032
18.515595543725034
19.44005836222508
18.103238787396087
17.4413045159418
18.237495402885497
20.423015225391573
17.406679062061105
17.35991990594388
16.09626660154893
16.922171111611444
15.120979539612813
14.891732545066631
16.27277076055865
14.814012777520627
14.555510326846386
14.845608822595558
15.24522833163524
13.097081798113646
12.931227481531629
10.862158100087703
11.650975056994223
11.166361532704055
12.876027025762893
13.297358412893928
13.098349570914882
14.082409051896398
14.0615532261055
12.93025811476959
11.684365704288368
9.143322653322707
9.189475459378457
15.512161760897461
17.470276877624276
15.729903349563207
17.672866016334556
18.93218413177741
16.473353662596264
16.34296992898209
13.920879492202962
12.141282885340456
8.867773003380153
8.974243867706525
10.258771501356533
8.941313058159556
11.424618892628397
11.97149056920094
15.008066781623482
13.405185647148098
11.533152575503703
13.278228692104655
15.83022046743845
14.982578690237785
16.972795539364974
14.741439113243601
14.99114444551683
17.55641874962771
19.189750390435613
17.743161260632018
14.277676366716719
18.106726608909703
16.464022068846873
16.06866948509812
18.021604431167873
18.2310323225572
16.31174084584411
15.742923671223494
15.612188204653336
15.575121513514846
15.093925425662432
15.118599417653627
11.725533921651111
16.71141729443796
16.740603792519906
18.00540075149786
18.681202779910716
19.03609835071924
18.73227681958521
19.753854480642623
19.538359567828625
20.161091661441063
19.98151514849604
20.293446608175852
20.17816129913578
20.378606951533396
20.769274882214553
19.774380350068224
20.379696322741772
21.127295275468498
22.796980599480133
27.99290490358412
30.220347216613828
29.635322754651874
29.040766925595594
30.626795580469267
33.13910652363794
33.67534363323543
35.062454156913695
38.28394426167565
38.77679579706239
41.31546950874617
40.93088967697344
41.40061080078272
35.73929898338888
34.384887399280906
40.75052752463561
32.6475883956389
30.162599624753447
26.17549625920126
25.387486414465968
24.448803345848226
28.16742565788019
23.694826866109132
21.005085529239526
18.170413315575555
17.742441645565332
17.857954580691757
17.83065804354693
17.120512697361484
15.494920891901277
12.832439909979044
12.945976133187862
13.216645315612778
13.13105655543688
13.19499451448003
13.243749592110555
12.815640129300117
11.798592933544748
9.529540778211459
9.321492482146951
9.892496063925668
8.639329872237758
9.293467324063004
9.359263982582004
13.405892000992988
12.84415343079335
10.86465821719367
9.837227265487433
13.469195585873445
17.001170148548727
15.216773268159102
15.262695752610357
15.785824550346785
14.568052774532289
14.446831341850807
8.48841718369073
5.035164754190919
10.429888784879203
3.909337323872691
5.071913330186021
4.405907987231379
5.24409847242808
4.280414149932146
2.336441675887638
2.9585559439739275
2.1872131319171597
2.6548019430999723
1.7688391895067992
2.3054718539849013
3.074502798405379
3.7880114592495886
3.0301357330150274
3.0000049720334707
4.331178087766648
3.2599353192370852
2.705281046621947
1.276885801832348
1.5883044275641682
5.6569292841637155
5.884289591176866
10.122251008125913
29.146436964561666
28.193612202010755
23.804274465418395
24.215532780377483
22.538306762159813
21.20556001180377
20.83254114121485
18.78241220886907
17.886567198879412
16.668897652866455
14.386649850306627
15.07431509058476
12.465081579135628
8.77240130055319
7.58787507204767
6.634183229250593
5.243935196869206
12.045526245117117
8.82340898249123
13.777761348128065
14.208709136922856
14.139956063553358
13.02388240542306
10.7058772618273
11.768244180207564
11.079621649250239
9.924571275720904
8.92179320378838
7.072170434583149
9.624370034922231
10.77354238117615
8.723742808635524
7.913346497066953
7.542733831720411
5.482697204623496
4.159546068127536
4.35448606822072
4.175561272747674
4.323063003141355
6.061623425586912
6.212214641552834
7.048258016086693
5.6510099557501725
3.5358799762124242
4.525637481241731
4.6352833637869
4.8919717338215065
3.481486976376695
2.840086382044037
0.2819915677560211
1.2517415665546832
2.2888270967401807
1.4437910704049857
1.9235242702133326
1.2548789840348795
2.2632127827167956
1.0477914869539244
1.7888162121211149
1.041018957623098
1.7805011071569017
1.7383221202162176
0.016681405691971796
1.0148322910878902
0.5806549109329002
1.0533357132022803
1.7658469629826008
1.7277480825936131
2.6749044473998964
1.0022305016398565
0.5677566288933317
1.0020162625120324
1.7514169529641843
1.180315082474583
2.2137693170795605
2.039772614504842
0.8800040366070788
1.3885797343708197
1.8467434700329912
1.1950163592436438
0.5944629487989084
1.0001701693082672
0.565769805773049
3.4000837603987413
2.486586833806143
3.8454194035956233
4.069299663999539
1.8384914761915256
2.4204375907461992
2.1300052380634624
2.160021832243988
3.615017150536744
2.9074429395219528
1.000017469151008
2.169111299385868
1.3428543783783173
1.8357006572985912
1.1931333672198252
8.857668331976943e-06
1.0000040867343891
0.5656018452309991
3.111334455920149
1.8123955882407374
1.9281673968792636
1.6324326392118214
0.8960582192508003
1.781160516215609
2.2721107073688978
1.3993082867867883
1.7940848747407097
2.218891936971954
2.1101342680313895
2.012011545201826
2.576481414604041
2.7889242749263268
2.757566975735396
2.555989558926439
2.7224183250135963
2.214891370206038
2.179153759872488
1.6924723209132142
2.265463145557233
2.200954886466647
2.4862609180497555
1.8599049957703386
1.5663797773988999
1.487478251344603
0.3426124540444552
1.5118461348851286
0.0
1.0
2.0
1.295657833307052
0.0
1.0
0.5655976676384846
1.0352437834474066
2.1751065022310607
2.1637676688272522
2.603914307492745
3.1084222594369297
2.5723996384723877
0.9738466473727898
2.1389016686869526
1.2586085104432458
0.6188138835686885
0.9999673816539867
1.7499857294736199
1.1326896073322106
2.191999305420395
1.248423502924426
2.1710722385387644
1.670101474666335
2.1275177655010378
2.0643421724185886
2.308538094145196
0.9992911352137992
2.1682778120835704
2.1235782071806772
2.7752538470037944
1.5283003729677311
2.291195036023322
2.264040168228851
2.777320721804618
1.5508465381137342
0.0
1.0
1.75
2.1358024691358026
2.037901313560917
2.2298006994127197
2.21327200443787
2.3781301563605695
1.9351986720067755
1.2676422899657815
0.6345513501357283
0.9998630222517064
0.0
1.0
1.75
1.1329637511763098
2.192153261060529
2.168919588186361
2.733760174067791
2.093790939937695
2.1901008463320886
2.913246468373683
2.661474656460644
2.4382112070136897
2.7052393719636436
2.4119499993102016
1.0316754445826268
1.083996315632863
1.7696104474638457
0.9997505144938647
0.5655878482380965
1.0350662110834774
2.1750230772734023
1.2465324112533274
0.0
1.0
3.5790153198242187
7.3706718406556595
8.34998824259907
9.462010023767228
10.83653683042833
12.839930422146429
13.277850309669448
12.257669032867716
11.87525045355489
9.137659224777513
9.50277829911848
10.559784604113036
12.055188882153633
12.943570522596577
14.558308825094601
15.727459501039924
16.494490578273624
17.202793076600525
17.738189568176107
18.693365234074143
21.013916493425416
24.046883750767485
29.842349314399332
27.666699185921356
28.490578682786612
26.888203333889436
27.35353034586855
27.019695947130728
27.270468182961274
24.997086881974525
25.319301832606467
30.242217376109636
29.073424075374025
26.22641687294635
23.70440600386454
21.402156630324985
20.715637015687136
19.273603912592538
19.636160701568755
17.009758335193627
14.557801441952048
14.169180150009453
14.121174130012175
14.19475322640034
13.130780827769454
11.120913229484186
9.922793946978679
9.935051462403992
14.369859346234524
12.982318166348483
11.858267566074288
0.0752550768341105
1.3383915720736637
2.2336013399412282
2.0190478476608233
0.1457498658293623
1.0763324299843031
2.0312751280511288
2.2778709436251656
2.669290562133642
2.4910887947430695
2.680014662318751
2.866880019342834
2.708816157461992
2.4783635294331403
2.7136754255401137
2.422714280534262
2.6935405259747522
2.3279937818718706
2.171457936066877
2.3847121883097073
2.695254725006247
2.451129113106533
1.939944160309624
1.3089190894491307
1.7300203486502026
1.0105888635318063
0.0
1.0
0.0
1.0
0.5655976676384846
1.0352437834474066
2.023453495804473
1.2986292842459817
0.632308294192923
0.9999087518693027
2.1689908622164538
1.6335230657956405
2.3273583887588605
2.2766976330040527
2.6377081343476805
2.9124394770384963
2.491711737209635
2.833270829214281
2.4058093388280724
2.520022173963034
2.3778486196675215
1.3581743615711044
1.8391747104954375
37.4530370290028
39.23230991792882
39.66488705427989
39.37032360609398
41.08785326788446
43.07480665943999
43.817366678457454
44.93791670169874
48.49436332440873
43.74637619962738
47.571795932190916
48.829552823470806
45.15346444676765
46.93705004548121
49.43603692052626
49.3328089605275
49.10638059592894
47.2099273314155
49.15395158175479
47.34754932206698
46.37225473478374
45.04677625464156
44.9539806286123
44.65796549043318
43.754870578063006
44.27735118331319
43.17132028091857
36.60777502066826
37.24910700160972
36.19777513567635
26.579623056920656
27.29370264997879
24.88307593679928
24.824931871409373
22.897809155277006
21.75750228553641
21.48794472328583
19.79740843260616
18.562200593687713
16.48345394679637
15.62490053795399
16.689927664064527
15.809234085849596
12.763311993166912
16.029238954883745
17.973201268050797
16.435853111707335
16.000166911212386
16.852828082476893
15.852249910786005
15.24240535855662
14.530832961218858
14.328183389030928
12.772604542136293
12.27339401273247
11.222504245610121
10.776563878565707
11.01974371271445
11.027291360307602
10.752410460667681
11.156342364188127
10.837856337107254
9.985395040670179
8.60219975127861
8.460257994488261
7.397582465217992
7.656730203330041
7.940175181474428
7.808085406657757
7.412782405979109
7.650513286874657
7.30903676537337
8.070787441591174
9.036459122507885
9.126029106774398
7.387032180961686
7.170629350562256
6.26550256865493
5.963471876234963
6.041034949447316
6.328641523190871
6.237411200176529
6.669086640525618
5.455127079595722
5.7636744474463795
4.772582966326299
4.93722771139736
4.944705144301097
5.215555589561827
4.643039128105695
5.08835418518969
4.792552447998501
5.095946055428109
5.861407717244564
5.274658928506047
4.996722933889669
5.273519496248684
5.943314035614709
6.121041808996253
5.762737175221546
38.59093814225134
39.135540981120315
39.68816418340383
40.30526462180654
41.82678913821334
41.68230194998161
43.72787320250855
44.42278435922545
41.50462724621361
41.9789681606513
41.18139144021749
43.212686065411454
43.64300786111017
42.519509363966506
41.99465741770687
41.406491044682056
39.965535050510894
41.11094747884979
40.85284292215555
40.91570670025925
40.02800578784353
39.917539745692615
39.16026005694693
38.11934522770947
36.73245720137487
36.29142603072936
34.95885329437094
32.869571583181724
27.323903492687133
23.97679386954732
22.949204555593653
19.9470906162683
19.81285078084925
18.731968321003936
18.03633074648457
24.136104806264537
19.97364822461462
18.071879546981677
16.646593250959704
15.54497394774107
15.200248177198107
11.98913342237924
11.838947525901549
10.19724778806417
10.030763512140297
8.64666391941892
8.295079545086997
8.799076154810905
8.93417580547476
8.44650377159705
8.681395014346366
8.504428399608056
8.636471833297508
8.03366917302708
8.2244858231163
9.121503781165593
8.395577349771603
9.07692884614285
7.439171654811301
7.186992384722785
7.310093999095688
6.882838700611309
7.248159737546633
5.7807372356328335
5.8926026851876125
4.162651486834914
4.131137647423368
3.402671325252124
3.3395483502567993
2.6532486723389006
2.3582641843106957
2.2466075333061575
2.849481874385047
2.7978780133137944
3.6579941149822877
4.010175485509331
4.047825025546348
4.145453164556485
4.727125703684198
4.485429530316163
4.6970965899003065
3.8032682831327027
4.177651252228503
4.81685207055417
4.76264595181697
4.258094795351279
4.916670964171374
3.6849965780590628
3.941530644203658
3.9716065128790654
4.508794252114436
4.616208158228086
4.235942295555953
3.3935263124349775
4.050685812569784
3.5057650766463637
4.81696924567997
5.426267296502448
7.184081316609861
10.732119465506292
5.691746044866499
9.135923237449578
11.518959548955836
12.65890917237601
11.84707872274737
15.166213965210583
12.060409689625894
10.284839083829537
9.76859631188181
12.146429296274617
11.118351069956434
11.136808868602154
14.435484810924798
14.452125611851299
14.837297122962358
16.771665354871875
16.81149777689327
17.01742948998039
15.266001869352886
12.910462751370629
9.921847338066222
13.356340163037672
16.081721820288
16.974456346938062
16.877020217210426
17.78419117519889
18.963396880122875
19.705448328715526
19.254877069235913
18.46076900863476
18.550592928836345
18.758972789491178
19.791702032355285
20.181091767574284
19.8296308541281
20.197907637965134
19.55832934298021
18.445881110574526
18.485237872163555
18.653611320338094
14.97381593219681
16.659960156293987
18.560417799332257
18.83229912366137
19.059303238671376
20.782943889611023
22.67398360064887
27.759060964399282
25.20812702850642
25.279917652042744
24.500906196390794
22.071903545283064
22.586799766363793
21.977799449276116
20.54028279386541
18.998091894693335
19.517943221834457
18.35635207911307
16.720722160390658
16.496761724950705
16.841121425127877
15.392618099838002
17.10956494608705
16.633569955778306
16.516661465238485
17.78727580532607
18.117742351628536
16.993950434509134
16.38923350299693
13.810006998374307
14.08492722471053
19.659559183344196
16.625596740813634
13.239595697471868
4.4165351129538895
1.1274780087539518
1.335741480371028
2.323077970191782
2.5428426781207256
1.5127842395110496
0.7484983585811033
0.00023657928049816975
1.0001182711571182
0.5656867710477288
1.1864182153247556
2.202302600475308
1.6441977517441408
2.527036392268319
0.9958281999570342
2.164088084583944
0.9942387125619654
1.9941323870984804
0.9896605762563393
1.7451675460827691
0.9981798536816257
0.0002117682484479901
1.0000396606725608
1.749812864083323
1.1331042260088648
1.7865967805314027
20.12506887788984
20.961012421002483
20.646327548174423
18.006638106368737
14.98927661646934
13.305161849805609
10.710391922734859
9.914231537177104
4.992273957233357
0.5908714122687195
0.6064679517110383
1.1778169435053647
0.10178615112477196
1.048495691955544
1.7043036785739756
2.1682262285794405
2.750794801830807
2.7525349347425396
2.222488233260695
1.906367862643148
0.018209190854020032
1.020078276163558
0.005396608161181604
1.0009824319987826
1.9979928850423594
1.6516823340939546
2.3443014935652506
0.9977016453293167
0.001310323391160302
1.0006545922315002
2.1681965397921776
1.2465476663885044
2.2118945141747144
0.99532588856557
0.5669798249737734
0.9998558404506886
0.5693651516116511
1.0382665748426734
2.170605907905556
2.140867294698787
2.420960945702999
2.445119164555264
2.7534398932948827
1.5815295757652201
2.2965888695851033
1.6991972574558412
2.0856236561864026
1.1840795729792304
0.0
1.0
0.5655976676384846
1.1862975659013604
1.8033963764675196
1.5139003120705035
0.0
1.0
2.1690962099125373
1.6356823979591835
2.061393536522475
1.173858400729571
1.79863267854482
1.1372471351156164
1.7880700262509583
0.9990192822999232
0.0
1.0
1.75
1.5005289713541665
2.7782827306893814
2.817651754194019
2.6207996587783233
0.990138964220403
1.7456857968464266
1.5166915022966658
2.2795679276273537
1.2731794881284908
1.8302070522816276
0.9989518144239995
2.1678860598014693
1.2424819960493225
2.2103704980266823
0.994657566483458
0.5653873969315649
1.0344125415653345
1.7591857616877515
0.999246410161238
1.749670304445541
0.9990668971149991
1.7495917674878128
1.8771760409317948
2.258163501168697
1.6402403780823112
2.029467151614505
1.1697561929651439
0.0
1.0
0.5655976676384846
0.999960444602666
1.7499826945136672
2.1330118832216733
