5.691746044866497
5.008885054919323
6.700505691641171
7.657460297400824
7.191654088303208
7.051659305685847
6.982848236310969
8.032085033846588
9.965202161336697
11.397397651959649
12.238396791145487
12.181285740385054
12.293404336700089
13.726483752536279
15.349845900576097
14.994433754264831
15.921361192353494
17.896073234709085
17.90874139246662
15.971864219364035
17.965204018690393
17.838974191721693
16.692506953632517
16.006864279470967
16.760356692031852
16.7067296057868
17.405947788341756
17.41979647124396
17.419611986745018
16.76333433218051
17.644547469746982
18.429626255888365
19.192039297305154
19.320078374320712
18.958408816930238
18.76858996177842
18.217546539679308
15.329201649991699
16.285567301213597
15.399120898614214
15.223179648609925
14.755147648308224
14.122907076014721
13.558563721286914
14.38037245332715
16.84913588738494
17.203681647970594
17.792084625570958
17.245527874504713
16.74343006868056
15.977950635168629
16.97875064197521
16.12809639895005
13.8183528251228
12.95227006790772
12.597485665298255
12.251677377102855
10.636043424020874
9.101725922306102
7.9906940909630055
8.32155765110267
9.632567311420273
10.707551406657863
11.285510944683953
13.114713950322802
13.227918527306532
12.267498848981969
7.659209021133978
7.404043166873279
9.491387952277098
10.903893758644625
10.433692191559672
8.804304348373382
7.288903526784907
7.101686508714859
7.572690910620883
5.7117735112986265
1.8945661060946075
2.3837854975056474
1.3327113133686714
2.170350101918056
6.02803218875457
9.106643819977231
9.757262484554968
6.301069118489314
3.9944832559239822
3.198941302028662
0.6990132516871301
1.6077666457064543
2.972779539353652
4.2149663110404285
2.008375455331351
2.3689510311030486
3.743298846943524
2.999980149012603
4.1902764151169185
2.2066913710334077
1.5887709393809697
0.2658817449007073
1.0010679385162842
18.953005555651824
14.510457238437384
10.7864951072499
13.786800053254936
15.626563508374277
15.086099163601578
14.85010563956901
13.019728956614399
13.715057488460195
13.748013878958533
16.727023494981488
16.63323390467969
17.574167081091478
16.979129672429913
20.071885654619887
21.072338822869792
18.95677063342836
22.126187764046367
22.018444917035836
20.05245481837042
20.081619562676863
20.086352109951328
18.819542461203394
18.270508408835827
17.91383654737273
17.13317745825515
16.59567949576566
15.92555054293922
15.534486537766336
14.680015825051518
13.93926754012366
12.983043731848877
12.64692088493752
11.850892741678967
11.91627934810761
11.4632492866459
11.060245980068363
10.290474463712723
10.455347033403426
11.172435231433516
10.097939236836424
9.527908381872553
9.341281797522463
11.667560823660917
10.449975785175573
11.139098665615503
13.223026110069496
13.667358906964049
10.813437375378388
8.593515745559728
8.249860634881822
7.559595654544854
7.593699110770173
7.658964600969249
7.631958073724631
8.336387021608195
14.07412743147869
14.94131958688855
13.093542988182714
12.541759644593151
9.52129721117577
7.840283880521107
8.103360261140523
8.426248374485317
7.133287785566366
6.5663773472208025
4.3525386628545135
2.1759870397968033
4.097238993565049
4.867941352331115
5.761800698828754
5.711953004076776
3.8086977701772247
9.601080670769173
11.55068199189447
9.483162235449043
11.536011618027754
10.454528233914393
6.163006418152692
3.8615557768196087
1.6614737040941714
1.8580476179204648
1.0098119611211975
2.090143707534323
4.790076153648136
7.67100719010065
5.617222273509808
4.96482089421054
6.27913301769848
3.467228368575609
0.9685850978201301
1.720668576224972
4.11515130717677
6.636213216544908
4.750628961594519
4.200089085262767
5.281704905745589
4.321799042613136
5.042516315062073
4.1880499204996475
28.62636659002988
21.403972031184562
16.211488131100108
16.30224012895752
16.17428785200584
12.37754459516521
8.508230542289144
6.615506745828983
8.035086840024434
3.2380852347264413
0.6523406314937406
1.3163990786891198
0.8350838666472173
0.9399262128589709
1.970574481556344
3.7172349871887853
4.414404926463869
3.2682593644138898
1.1152857301775922
0.9844274371344947
2.324211869087242
4.136208976814198
4.466991515916315
9.10946797478698
9.530560525321421
9.741863501155557
8.704454842314197
9.52140868288743
12.561397169021397
19.756578367377582
21.540227965039865
24.802682023781397
24.556565761364507
23.566904406270606
18.305386752493835
21.669806674409465
23.27341673086635
21.62827587900454
21.0559598835374
21.12429377675683
14.241844658342448
11.075483079968684
9.59326259803084
12.594786031280726
15.15935351023979
16.49431955701281
19.304795248802844
16.978827314141412
13.954621665800847
11.113893603954988
9.468348579991837
9.342992939913602
11.828151933348018
15.258059918651101
16.317937728542255
20.69687065563568
21.25786382649004
16.159725388668157
21.320423021918458
22.725235688556694
26.938914983917982
26.564376475901515
21.169307079860456
27.463402603668086
27.53375758695128
19.532369363133043
15.590876510975653
18.027184172931232
21.971420280705914
19.078527592934556
15.296266720437414
12.002963031560107
10.059851721781518
5.213403494972221
5.9165982790644955
2.858912318418874
2.646971312886125
0.9249311098203812
1.4969223427630325
2.2553055291337074
2.27416453929588
2.544001523862112
5.2511192081849565
3.467367613865157
1.6610072276388586
0.6957630154523403
1.0999071486690686
1.7063297671897535
1.203086156039386
1.7294576554943013
1.0111804123616177
0.6308101743645905
1.9883027464284415
3.193596067888978
5.7963844298927745
5.194904366627783
1.1783659132941489
1.7098083065734486
1.01400097763278
1.9925434030936406
28.62636659002988
36.36488280643577
33.162373245860344
31.504720549135474
35.274860946660226
37.149071567494644
34.51099915727886
41.38612689987369
43.697715123278826
42.90482240971244
45.172961405859915
46.932218030537754
42.4521710116607
38.72689340982477
32.714523859504695
34.438150989665246
26.663829273786433
34.410085396728036
27.449591775614536
26.989430067417416
20.1424720694099
22.75416307113431
20.72037270607792
19.621688769695435
21.708105854697845
17.449458288981287
15.241396144558397
10.02066736903733
3.9819660232293943
1.821045912602639
0.0
1.0
2.0
2.3301310763888905
5.5596091182628795
2.0440657673233797
0.0
1.0
0.5655976676384846
0.9999612288290021
2.169051447860889
1.28721877786375
1.8192505688514315
0.99902468286525
1.7495732987535466
1.7381314081284622
2.7971792818762142
2.5873320401877296
0.0
1.0
2.1690962099125373
2.1733624271137004
7.538447062365914
4.839593433762222
3.27522563612869
6.639065613941473
5.241261581142976
3.755699017398982
1.3572266205401033
3.004438841253614
1.0289592951652684
0.999693256882194
0.0
1.0
0.5655976676384846
0.9999612288290021
2.169051447860889
3.8041370277073185
2.6260693488337172
5.062292139090613
7.836177657662866
4.8514953183417715
4.561236526182117
5.879009857941535
6.668857996728001
4.5520590905621185
4.054487067631808
0.8895102011086423
1.7016607129850305
1.1542393939654798
2.2119131004630623
2.196717796461403
2.5740418738963524
5.056172668203593
6.825946935497988
8.724206919956384
5.098925064835614
8.474641741601937
9.378910488813545
9.760330603024826
11.526119770678642
13.818683578331928
16.552410191903604
20.033044588477882
24.821138450380243
24.74708467978595
23.235795923466252
18.933569433768
23.274892259809157
20.8519365737303
34.07616681068136
27.68015102940008
21.65770507407986
28.611492781422882
37.74564692172379
37.21030737070064
26.278540424849076
28.807979657651032
29.541296005578808
37.43372133881223
30.02862189173751
38.883407367987544
27.58072077991926
30.004761315461504
30.668552401098683
27.86360696765215
30.199705451314983
21.937632886592333
17.353586778817025
19.580572595344844
21.37355213849872
21.69466911533369
24.798325265861678
20.66179397231157
15.08367036382174
14.114669673454891
17.90132047649423
17.306359522380898
13.467914339390184
10.634505701161693
9.34350439354199
7.508088540523707
10.652115457742951
10.086542400865246
8.897867966379518
12.61059215490982
10.695727273131066
8.474549695684917
8.250124185397027
6.5548424530063265
10.701085880021438
10.794118732648768
10.868999832665082
18.474191053495883
22.638808686859758
21.836780901979544
20.091155071406135
24.045549507040946
23.78312717834914
17.1896939507317
19.357161262117362
19.919522934509388
13.710871464909964
15.698746676211101
17.693619397423163
16.805511419018316
16.025700252458645
16.11151959162788
18.427525391541458
23.2469013627468
21.379374922899885
18.298841009444324
16.95207184651176
10.722081072168917
9.22602956810335
7.435880824968979
10.504587177637314
12.916027238846047
11.037452213430653
10.160168433311926
11.82378769130792
11.63646503676824
12.658310563509703
16.523436776164996
18.865397963059838
15.146815525303271
14.684044479489751
13.153983504702499
12.087715543826889
11.889407536644127
9.859758065969714
9.893482128045203
6.983862468186351
6.039396850814455
7.500137717915019
6.212475794460407
4.13086402352344
4.395764801615649
3.3622880417168757
0.0
1.0
0.0
1.0
1.75
1.7384191623263885
0.6797239847374054
1.2855554204256565
1.8174204313271591
0.9994320528196766
1.9994320528196767
34.05396813513597
31.88533776578529
33.988781843862775
35.445291585314564
35.441878386601
34.664861381595536
32.22619902298147
31.720418506303304
30.62903767913501
28.43881909037939
24.697473585260482
28.286182326029422
26.027771184425617
25.12187489750233
22.715920574434097
19.038781334802184
10.620731782229933
7.587020414314572
6.496645262081545
4.161063147685232
3.277958733838412
1.0128183976986525
2.0930194731630563
2.169333502761615
3.3106920167120193
4.748463540694187
4.790119638634923
6.570195549188663
7.626145415070873
10.100644391621804
13.039739966884047
12.765396200853694
14.552179729932929
17.457828731631185
25.34367985762259
24.14842852238953
25.80487720388283
27.57503643516116
26.087438421872502
25.783304944693434
22.88708193430085
28.64936202155385
27.83604367102708
21.933579788000177
19.00542943224101
26.57274042474754
22.106172408543912
25.429079547350376
26.8609614732175
19.73670268744421
24.054251187758776
28.691814767635297
31.371838296417387
27.52480059942381
32.15071267487429
37.57928582148277
40.58878619501241
37.84463220904524
39.747159167042916
41.24885008210875
35.17628650994778
26.58904942515171
33.86682332954057
29.693720249976835
27.581049116527655
23.15539118503633
13.174396872691695
16.59526830852829
19.131295395999295
16.385278650953786
8.473531224036266
4.717689132822371
5.542699333350626
2.608535150243345
0.5655534291465435
1.2669757080409132
1.5085337535474925
1.3827411062968373
0.22135252500016117
0.8262889254802386
1.7416140249639436
1.4508676277547679
0.19647217523809915
1.0081281378670965
2.169873823294844
1.4063278361578186
0.6285695694345121
1.2740905881228355
2.315754440762752
5.072609791062145
6.824964383164703
4.44027931532013
2.6232354669775755
1.4093182736308643
2.239242985479903
2.234915788689005
3.2521237098118774
2.769457243007713
3.67473777953902
7.680949250204818
22.841143872094836
25.654130894589077
30.42234414744605
32.81128142753393
25.00998940452909
18.659817262129472
15.283566998885956
16.143662861265394
18.69921829485794
15.753170766456563
20.54098099803512
20.556720795404598
21.120797693466006
17.116208580200095
19.713095700764125
18.273536696515364
20.262911743839943
23.727545943150407
20.592990654123636
18.64684486325587
17.557437350937914
15.042099742209425
13.625156113459827
11.34504691865509
17.22710338293633
17.94182580090238
20.74226243430203
22.621603435717702
23.71914633863994
19.13624686385932
14.908813127476547
11.673027452462803
11.808822795847451
13.339639139564165
13.652876826684544
11.098214301057517
12.36338926923467
11.805805775260396
11.400111281372457
9.190725653961534
5.627043925339865
5.6771086810922595
7.644107484665291
4.2273128688987205
3.275400684187434
2.199845524026678
1.0120450729349753
0.7047062432558315
1.1538605352541036
0.07922705248243148
1.0380111638612675
2.044705916189445
2.3500664875694275
0.8505873204241436
1.0068208389141367
1.7097212219925453
1.1820517190182511
2.184985969623513
3.813395202151786
1.5485033371964536
1.1813027551850064
1.7357306679878628
1.780497560649468
2.875728429073429
4.434066403619616
1.7919428875964645
3.327537625133316
2.276971400746924
2.208969901177794
2.500260329603198
1.4577120954709062
2.5323805266988653
2.5165668567391286
0.908318765519172
1.1333206980737198
0.6305612039675829
1.3077114397969476
2.2266036310547688
4.828324680500779
6.6956979101534575
2.8610518415809714
5.648933655160934
3.8498239600555495
1.3842039219539015
0.7889644545046761
0.8199699063970873
1.966746839701994
3.50133971408142
1.3161057585032667
1.9649860428646195
1.5378867829482479
0.8336349763453583
2.0033060106176643
4.975740501740607
4.977089824500384
5.013865751721039
3.433219429155148
7.117379240556527
7.152611785065765
5.2473836440973605
36.263946831045075
36.10624515833307
33.19216316561588
27.813788162790214
19.487105013646378
21.683429052540955
22.23740363380158
25.52025425144504
27.20782829744658
25.029939037308434
23.978561315012083
20.674821305113127
16.757729844722302
10.352292327773108
9.964057711051991
5.465331487026565
2.44665410445109
2.6011512639542085
1.0324995695054213
0.9015298988452958
0.8817772204570198
0.4024851961515411
1.185169815760603
1.5783679669042514
2.762746333499106
2.6893026080907396
2.5760704165589434
3.7716928436743995
4.651551184851598
4.753504137746847
2.0667944863653744
3.26754236981231
1.7587643795700905
0.7631877918344204
1.4424535769958946
1.6966930906110713
1.2905429454228432
1.6448320874017268
1.2825835905776977
2.0922564160713715
1.0157708122566647
0.7165536180803997
0.9986590680818954
0.12823974495279616
1.2736366035479758
1.675403012531742
2.8870342650197807
0.22613991887109242
1.1046646112890446
0.6526168296557414
1.340995719256756
0.6606005550218833
1.3304844429897202
0.6479944879616804
1.0864722001789906
0.6073035865918339
1.9988667945737837
5.06831403604712
3.500739670185993
2.3036671873599497
1.0142086636066863
2.226931919352044
4.076718371375785
7.548895005463385
4.389594110382651
6.998476562113941
4.163478733801973
2.358347901927584
3.6509793644659596
2.229058690050956
0.9811468259389827
1.9306646328611463
2.152448301728869
2.445797270111882
1.035231175326255
0.7004567389938844
1.150297125228549
2.079300689153442
1.3842904129963591
2.172738216701247
3.7608066991923312
3.029017384975398
1.567096480757551
0.7018374794877198
1.113298930904754
0.0
1.0
1.75
3.096459541624264
3.956328625773303
0.9999696868083102
2.1690612127582822
1.2872595887681038
0.6037445332969098
1.0441323561686016
1.7600602570330106
1.7442433688599683
1.945496123706719
0.9994535353766509
1.7497609217272856
34.05396813513597
33.29541815524067
34.64812138212645
34.95086461794683
34.83790565160688
34.68325101510092
35.09906135453802
34.049053254802985
34.2299884078596
33.91854097801334
32.802514557005246
32.198185696764355
31.628943333023923
29.44137199718717
27.540758133954025
26.64416736141919
27.06847295316592
27.7747021130806
27.961114002379954
26.952793255701526
29.925303455886763
29.921369931425847
31.157729866265967
30.158874215606826
30.15712039433837
28.261246385964373
27.765102471557785
27.275140265442932
23.956772090966844
23.863347486300693
21.22752039107239
19.870484990404563
13.035190452420208
14.068964294375483
12.110691101309236
11.315099889570575
11.815511100309845
10.986926976851395
9.364343608410943
5.478619386057836
3.8352357666832853
3.1055076784440403
2.6373476330820855
2.7208019230078544
4.521917065271846
3.28534163194013
7.802608168239163
10.072458174157584
5.932264289576396
7.65286902995185
3.151960877535942
2.1136120117570267
1.3756232317987218
1.655947317574603
1.2902748908227555
0.7091901198864314
1.1452958872697527
0.6603640169547814
1.1139288682231219
1.6845130751422255
1.2211637105838251
0.0
1.0
2.1690962099125373
2.1733624271137004
0.0
1.0
2.1690962099125373
1.287565713309647
7.538447062365914
5.490349768449699
7.974600466557739
8.986733451634688
8.146972440527584
4.353266798806476
3.00947439793683
4.537750436571537
4.143983852126619
4.111655023433665
2.7583650393457315
1.4352318322689652
2.2079835202525255
1.3128501119707066
2.311930946377759
0.9998897133137319
0.5655933269088502
0.9999553248403146
1.7499804546176372
4.692369814219407
7.5629814429381135
5.512590267327519
4.8947881819364465
1.9054278460737897
1.9480063691733074
1.8673114199375864
4.591263154882441
0.9999261414038922
1.7499676868642031
1.1537622676076649
0.5850408280226485
15.327825835616167
14.770785429158373
16.817837888582023
15.810480831202504
16.52084746260758
17.269053765919374
17.629385346039356
16.810667231448004
16.766899287662785
15.691560471765625
17.096254077093768
16.79906005015907
12.696313352368067
7.846376288732488
8.344782735401852
7.782619266922467
8.75243378267866
10.193359848647171
12.018773671727214
11.471824682275031
13.455713148373148
14.073187739317254
15.076795295506646
13.21127474428036
14.839473960348926
15.381039132553218
15.894376646577678
16.48984667406988
17.720307750528242
19.956553323177218
18.213889403816
16.129752659338795
16.53762596057481
16.881939129369584
16.132981885901934
15.446785578745164
15.655037108788058
15.451527839536373
15.14648091647071
13.452352420638096
15.047247387323173
14.831209312446289
15.174532543918605
13.733537684635557
12.012342708662874
12.139007709652144
12.543491845399693
12.266894850622222
12.372354242162354
12.233912326337883
13.771103504001315
13.700740321042275
15.722302419999977
15.59221659666861
16.304440290957533
14.512204397157788
15.867900346766755
14.57509004731758
14.405856888410176
14.93222162120218
14.686812452102117
14.34550433833722
13.911296185994686
13.909750245137417
13.121951170496839
12.689772414517735
13.083232757235203
12.325103375821362
12.483470346033513
12.446507385806072
12.152536144056134
12.137582578161707
11.569748442887088
11.271815854933266
11.175940844895658
11.709711203782978
11.549084863704842
11.551320801341287
11.215261898938374
10.996007099920279
11.462516177797664
9.406928317325411
7.957304095325401
8.640456286478418
8.680166044365707
8.89339565994665
7.5058070950209395
8.398882914633779
8.678506850404615
6.720012192030111
8.910436679043388
7.975931383092125
7.192322122168274
7.309697274520186
6.287791565561308
6.161961472627399
6.746861242591409
6.436742867689441
6.660366157096571
8.373654470038792
23.08647440810924
26.966455649635087
28.84272849167186
28.80399353121861
19.642367042166242
20.31559134609181
19.225144810438543
19.651424265645385
21.357764942285684
22.1119635529394
22.003270501782637
19.583045629266312
20.688769007884247
17.287450452675817
18.968650668507774
21.62367418665628
21.859573253773256
25.221929197188086
23.867804246403246
22.603620120492646
24.61440094103922
23.2699532994027
23.047758624247447
22.15801679378858
22.259944934500044
21.315718088366356
20.67221429446739
20.15441896487363
19.59923369249231
19.00592452771453
18.504771428761707
19.475020287328398
19.427122415626332
18.995908615313606
19.291456492462434
18.020435751479173
17.863024927235163
17.344946907718167
16.67582619939472
16.21300719385723
16.707331703035543
16.186851465333373
16.74570061554162
16.44160857419263
15.199441250330356
15.735084792738895
15.228552846317196
14.836885500253574
10.949238737062794
10.321954664730054
9.973060120392404
9.522731700015296
8.564243865407876
7.870039473687681
7.587144101859269
8.14646204164898
7.326904929674544
7.634782574869965
7.8238128233494315
5.519126422284719
3.335512895688781
3.0625058447661813
3.8909969835322555
1.4234091633958081
2.5725154176071254
4.737291826888983
0.0
1.0
2.0
0.9963710262737697
1.748412323994774
3.0850164380520684
2.91445822663735
0.9995014270463269
0.0
1.0
1.75
1.15390203393344
0.0
1.0
2.1690962099125373
2.1733624271137004
2.08940312916196
1.2061155712427523
2.2366941382452152
2.207642175281036
2.59036372813947
2.3983855298299
2.151855102274987
1.9810844046548763
3.0375202213781285
2.6713066086962685
2.7511166660951094
4.292820636802936
3.1711245143004083
0.9986161259008258
0.0
1.0
1.75
0.9993933364070955
23.08647440810924
18.171435598438507
18.416802919605125
19.16927317812457
20.292429639548153
18.32376947600867
19.426790941533692
21.571423651178975
21.54983806134402
19.313002557389677
20.7756538570662
20.33328386737367
23.315191637711855
24.776855997447285
23.659461450909497
18.61002557534201
19.223388791946586
18.11608295078057
18.735811708255234
19.79315248586432
17.138543149413632
17.15398949877069
14.40059037144479
15.956694355979772
17.15158449721508
17.48017904192421
17.53725668607561
18.57103817966797
19.873744613097482
22.372856065922413
22.698800487781746
23.612512556498906
21.9270417902822
22.89610375100372
20.296708833013483
19.49162487997124
20.476613220700102
20.13219356307579
21.825999299103863
20.800334112368322
20.694229853451386
18.437202545350637
16.63285731026944
13.365701582008578
13.400233864732353
12.698918621396684
12.210493553424081
12.178724771802665
12.266699452336695
11.346496583125893
12.62129282809692
13.921127046369271
15.424356537514853
16.096827772301893
16.170365494610333
16.688480374032903
17.045275982693106
15.944695742690316
14.484455016141098
12.971488865034011
12.699615770803177
13.02338627543586
12.872147425603101
12.361809468126594
12.23585152068549
11.386405531012706
11.396237145080617
11.00057464111052
9.629850452643499
8.409846413523214
8.722645895780653
9.286757416269314
10.792012232697457
11.836902986213227
12.45421453665742
12.530610422263129
11.056918400995821
9.379835475282807
7.2570991469415205
7.547386971972763
7.765138537018851
6.508797244786404
6.803770289942629
7.121430335950538
6.666085527121883
6.612611231899589
7.0552638209284275
7.235421762929916
6.771813710730846
8.271909134929675
6.681532908523922
2.939984513686654
5.316664656110229
5.167170105577216
0.8452559454316093
0.5595071582021185
5.11110650403086
7.332847786969727
6.34792113883265
10.278163593118363
34.737280441299234
34.95026593548234
33.73933110320651
31.39121872261148
29.116647107584672
28.507149819091257
28.951897170825983
28.678467826718748
28.755165477080837
29.560553411600225
29.02524095399983
28.783239454375217
29.396587736040697
31.86075788171375
32.11253015941995
30.905463820582924
31.565312748469818
30.358447117492027
31.812734095135664
30.783950195703344
28.980865962434812
26.81082713019299
28.30180220665953
26.70469642141822
27.73609100448892
26.517571106646127
25.088288689057165
24.778768313902503
25.021072765338182
23.418955061367285
24.154788639503984
24.29210142259459
24.51565860354609
24.456992731355516
22.358239290092257
21.299108869365188
21.891514952524517
20.849818975740604
21.08597285393687
21.127682151271596
16.798055084871738
14.214507013127896
16.66233218537846
20.1289646593853
20.126194301477028
16.885974013745514
19.17840621270164
19.051952408898302
20.032561343654724
20.101999246364162
18.503407007147846
19.955942803710432
22.778035444612453
18.40658705718827
17.59031291009374
17.422923925885765
14.238487830619082
13.615791422133686
11.79456513001765
10.740362020178157
10.348775645758213
12.440002677033563
13.06573460396632
13.841608379756014
12.565105273248927
9.767899889647573
10.192551207965941
10.403205520668026
10.450619925898785
8.807004543890162
8.65790993446995
8.932310325981147
3.083067278920863
1.3745409880178416
0.0
1.0
2.1690962099125373
3.7968783905325427
7.538447062365913
8.637787023041165
10.62068464013751
11.175464194680599
9.382062496747398
9.821235079032123
11.535117553631265
9.953967970876253
10.562788895704063
5.60125700922806
5.249277843145506
6.799308188737385
9.108069261823223
7.9925945036642325
8.015426251537475
3.9073543833362505
3.954625342181286
1.6907901133454617
2.6649089476736965
1.4451108354726323
0.6254784712872754
1.0464252327578127
28.441423194990175
32.2290972553695
31.801544177944848
31.367135137456355
33.5497155131247
31.41593853077251
30.0117034900879
29.29575641257926
26.267819715370717
27.21819679190431
26.310564088708897
28.074870981968086
29.779497436763286
29.464957156986344
29.479377246626974
31.174287923980323
31.18714608148902
32.09991870714688
32.16427356906725
29.569536398993858
29.753189082112343
31.03716166447488
30.276736826543726
27.442890730702324
24.8896464825485
19.621435494790905
18.794759355193992
18.326321631119324
19.05277938500484
18.945887490161834
18.94049277188259
17.490712736138352
17.1554721235363
16.645042901744308
16.103427913784873
14.666366197112353
12.62181496975047
13.860945135206899
15.576729414907915
15.3949396700293
16.963557172540263
17.167404157502048
16.99193922888724
16.895929247080943
18.762948430286492
18.61731414065507
18.141885240177576
16.624484725549184
14.090918775715735
11.791246581998193
13.641597617734725
12.335069664257599
11.57566120628793
12.18983664376246
8.735725293722995
9.238652406289802
10.749623943574262
12.674614302175994
13.673458395454807
16.58675978675984
19.937552179902006
11.405549656536731
9.602071194848158
11.855335266915596
8.357068234920794
8.777925779918798
9.072621594107542
11.526296010900547
11.649549032398879
10.565265082749665
8.896209582505
8.181432714805947
6.382199866861513
2.992535747830006
2.925082674621399
3.943727077184086
0.9224902852619868
0.0
1.0
0.0
1.0
0.5655976676384846
1.040598157818505
1.7592615166585346
1.7437771601244845
2.7969856559523985
1.442081465837453
0.0
1.0
2.1690962099125373
0.9976435102271657
0.0
1.0
0.5655976676384846
0.9999612288290021
1.999961228829002
0.9960507463835816
1.7482722015428172
1.1527303547616703
0.5849296206015611
35.71939267111815
35.555944039835936
37.26165619050912
34.80820135560061
33.99210530672553
30.491162935675163
20.868776570006293
18.87776600482459
17.566488247767413
18.497658830076237
18.406973092702042
19.19989759395571
20.13215869380186
21.850514717610157
22.51099139004509
22.47326460121288
22.757160002848494
23.11468721773007
21.24528426635776
21.917734204873696
24.31653568237008
25.089163953052253
25.905958715090208
24.634787291686223
23.304746250310885
23.198354598517977
23.599510248364023
22.33474909543819
21.266951789819302
18.08571231401696
17.476555843881915
17.03737158124569
15.886335028550562
14.637149299088964
14.716530863074926
14.35263592032256
14.294717629808748
13.776527963312835
13.730356429657549
13.514915777688227
14.111273452464404
16.026675431125835
16.54468499555444
16.440766963092184
17.504841392718852
17.30146722879707
17.617415434715646
19.1550754744
18.54741977595376
17.334536440796775
18.496115539898632
17.006309649480766
17.57112172477762
18.613741052246993
18.409508728241097
17.411053946077818
17.51358974939496
16.919700807674275
16.18754850100902
16.759104031772097
16.00564275189778
14.809248677069915
14.261988354811194
14.532781438284983
13.90732557345178
14.157461632595165
13.477537910980068
13.990803630903038
13.734060359912672
14.1780797633837
13.93634736353732
13.738530557621035
13.707543976014716
13.84983947481033
13.461764746895158
13.294943158613965
13.220306738501986
12.005188328951318
9.275882651834822
9.918635681225824
8.665859710527759
7.288038901293218
6.965838652095231
5.010881589302177
4.76622424510133
0.442545313672851
1.504602377663324
1.1187996283084238
1.7736061447341926
3.1391377945562664
1.1728841161863053
1.0002366987398945
1.7480387850178674
1.739101153359114
2.795228145748366
0.9984367134586316
2.1648587218184185
0.996122502043631
1.9979035064871125
2.3275111456947988
17.587780516349024
26.33386322184908
21.126956631176267
16.387593347113352
12.420182606763325
7.07991361636973
9.872973751724
6.958786780056306
9.507857992129733
6.491470536034094
2.780867638549208
0.9912142521751564
0.07265824985105251
1.0349511783331404
1.7161104000025902
1.1841154681749517
2.184592836998544
1.3225454797554113
2.3659226523334183
1.4094997855151385
2.2880370515169908
2.244863142460248
2.082074941785368
0.9872403371326612
0.6221400857804864
1.3029089606684368
0.03300638830141823
1.016181815012498
1.7341893430793391
1.1679106720844843
2.1878843659393166
2.3915921352982803
5.656184276923048
6.74917785177962
7.593466442255539
3.532944177267555
3.903320944707833
1.0096951268175514
1.7308751915972562
1.168783905874335
0.0
1.0
0.5655976676384846
1.9957520049912238
2.024084173184361
1.1959741043634562
2.2328539093056423
0.9974321998796434
1.7488765874473433
0.9988893942586226
0.5655539557507041
0.9999410542821904
2.1690281559642783
1.2871361278533466
1.8192367039611155
1.1631751810624493
0.5861138125393395
0.9999442563614859
0.0
1.0
2.0
1.3479335598832045
2.3860716224702356
6.206234390840937
8.708979952043814
5.85303309246566
8.365816881887458
9.283424784800957
7.407718010748068
8.956053073181627
8.129971835260148
9.07571057853523
8.07406100211497
4.370889379284096
2.4978589177542245
2.691754226656399
2.1095153860435065
0.994437557521956
1.7475664314158545
1.737923633591372
1.9418471318316053
0.9996813640973736
1.7498605967926006
1.738290375901443
0.6795804514087292
0.9999578919104736
1.7499815777108312
3.095617904309716
3.9633137568438483
7.838733918647961
2.824437815069637
1.4938918602047133
2.314852735160921
1.3174991485753789
3.3946762314092793
7.536435575005058
4.096131423399762
3.2477840598698924
0.0
1.0
23.08647440810924
26.966455649635087
28.84272849167186
27.780834294243586
27.91344879989692
28.418078466745694
25.86860494331591
27.039585802763092
27.497995684717107
27.215977167859446
29.871579690794462
28.83336956561443
31.62744544928079
32.13601922931722
30.9255651426738
26.11713356347637
31.488993612091388
26.411758124413474
26.31786433265996
23.626366957472424
23.889740160010465
25.76412811179929
26.08586022302626
25.478104396994414
26.482932397117914
24.743377936334763
23.093360329635694
21.121730724052156
21.57073700393798
17.721694103388817
17.03266647874697
15.896608306313995
15.761644206852116
14.98258653381099
14.763690252735419
14.677037340165288
14.275697135708915
13.802793637699473
13.866912276862955
11.864139594424595
11.31534193567543
11.658858720853305
11.046211481093305
9.847628155577711
8.591432176409997
7.579257008267538
8.178669838227727
8.16120360213592
10.213843687353837
10.091317677511977
11.47885734635471
10.805225369431877
9.465901016955335
7.836964417309464
8.63996803934201
8.584543602015549
9.310315769944065
10.077132911187219
10.347939411703905
7.3480653917446705
7.809771802175629
8.143624998169821
10.17765366474243
9.519300383910505
10.030923149682147
8.184765591508922
8.420180874397184
8.61060245367439
8.205827943713047
7.480015186948641
8.097170177021448
7.293389648985925
7.336775153600784
5.096277589839097
5.362777082766154
1.842884654498826
0.06967702843920462
0.9711812947894823
1.618703217930154
1.788211578071758
1.8228792744123297
1.2804304548072245
1.6777634279593583
1.2568444148837108
3.1559531357716306
1.6036288824269476
0.042345241007721336
1.1115778412767365
1.7227420060592469
1.1992860146019146
2.2276181401999113
4.116981380593274
4.467018767476802
5.04184234343986
2.7128978551389022
1.4492911581094063
0.656276110388428
1.0796602938885398
0.021306592889496476
1.0105132624168705
34.07616681068136
37.230698265049774
38.18087030237758
32.3862945871582
35.97164726314546
36.87424661891178
35.60035612999311
28.879966937819205
21.897439957077353
14.646156010819748
13.459524133660006
10.72548696741089
11.981624033290542
7.768054697071612
6.421461902227808
2.155385961121432
2.5756932447948357
1.3823427434653743
1.8056098239839686
1.1898027648377927
1.7597413275633613
1.183013342534885
0.6075408846294192
1.0058614886088741
1.9964027073183366
3.9788180599702163
0.021722290712527487
1.0036125574513726
1.9980335206505782
4.683029767163332
3.2993871154266445
4.6947818575566345
4.643106485758596
6.314179936289722
8.556914427450245
9.369119007682475
11.391400508600466
13.767404661619304
10.775806635515876
12.098662141743366
11.389014019615136
6.965074539306705
9.334271130031052
8.1359387441943
11.554328835095648
11.061830190763922
14.37303389820459
11.28365227569236
12.537834971904076
11.542024875312793
10.092146771191848
15.824167665334706
14.851025908649344
12.48981983843639
10.466282786337668
8.90634672350705
7.296129522593736
0.9990874605205894
2.1667481965567665
0.99680059444607
0.0
1.0
2.1690962099125373
0.9976435102271657
1.9976435102271657
2.3281229467081004
2.643880449415625
2.428150582832253
0.8336016558022417
2.410645077368174
2.658997824616743
0.9994136514899753
1.749743472526863
1.1534915956919132
2.1714749213326905
1.3644763442746362
2.407508847325593
5.233956623690538
9.034885841758523
9.525822155674724
8.752479662665618
5.113173973875645
4.818224400461402
3.6204939862933805
2.3930543302490284
0.9950832946072667
1.7478489413906788
1.738000333126688
2.4095651322807523
1.3288198586430544
2.363635960365493
2.4465400041510295
2.6790582712060784
0.9988513991316164
1.9988513991316168
0.9944675414758817
0.5653799178131901
1.2283897209850896
0.5949046176141377
1.2434121523567205
23.08647440810924
21.679939177636978
20.767204341703287
21.778680341409373
18.887889168199244
19.00832845363341
21.457531630276762
22.604569162986802
21.770569425692106
24.02257750506969
24.765151077660743
24.641007201152174
26.274751641394047
25.8562277816875
25.833291857274993
24.190880804966643
22.362419036890103
22.263135571906094
19.344731666368464
20.801781210255164
22.696580613799487
23.698977590620455
23.978418682850457
25.24023419175085
24.881275767612504
28.146631804161974
25.718998922124314
29.24161778852029
31.13975304830169
30.037934541032676
27.68311424816556
29.122152669979545
29.254487858688492
27.520206669618414
24.270663132823007
23.270717921441673
24.29348674454525
24.271535164235637
23.28057376831847
21.44851210558252
20.140264480491975
19.20147510130082
18.818290248203212
18.08302125744755
17.963840511359365
17.03439693108621
17.730707230497035
17.985013738460705
20.033198083956727
20.43528860011643
18.97207084247743
18.4733585524623
20.06566551220706
21.02360809994483
19.698321100996786
18.503010016991105
18.13042946662814
17.81396847797925
18.940220945978478
19.419652361382212
20.440840002787862
20.905026216337085
21.84054387177289
22.422420789844487
22.6018089037213
24.327786088276817
24.824629839791793
24.45470086671218
23.417649349997582
26.863359815654356
25.278916781542005
23.703100352015696
22.20863711740115
20.67761719891332
20.53993164382901
21.15475500613694
19.180742194661928
19.001157110314004
18.16774414987795
18.326545472418182
17.734675287502046
17.66918216673094
17.388220416377372
17.066582872255786
16.6913661113336
16.489067384804688
16.6058664340859
15.974560566372809
16.36209846787463
15.328040168660674
15.424546958547007
14.362580930816133
14.375421529461978
14.334553986247963
14.045900436721473
13.901655160739528
14.115426184092216
13.283707200306656
8.764024207618597
8.829828452991531
11.795995294896391
7.067809582234192
8.627512491288444
7.899982621287033
9.65383877282562
10.558265486772749
12.259017910781306
13.334702003659391
14.412142584293846
13.418061328260093
14.489403877312606
16.860060949456816
18.0867814161103
18.66856468658395
16.05874133602586
14.086649983758958
14.854901801540008
15.561109474286154
16.761005851241027
19.357246521263374
20.286024461924576
21.76713996026186
22.390139686785883
24.244582781699012
24.425582377748185
26.113860071859655
25.733426022379987
28.22206706714353
27.41149797314653
25.084948549865185
29.581842816967125
26.821284098627743
25.255116776954726
24.51685634762812
22.754758453845497
21.735491215274184
20.931626007373833
20.841565797823097
20.24104830944713
19.58465398820311
17.527791397966375
16.847275838579186
15.694561638875355
15.286313683908821
14.898251081457422
13.009857032800332
10.97680876116064
11.334382247885415
12.222062493082326
9.827560277808528
9.410178956764268
7.619078721765781
6.785889615518805
5.537456387346278
7.765877869413134
8.85349840383563
8.961990900277671
9.325906062300009
9.024333305034451
8.724713438738467
8.424556706213817
6.509023013659261
2.9356143556444643
0.8007295378256268
1.9598031681415766
0.9613315456550952
2.102872570786287
1.2789233012700847
0.61129682678503
1.0514001827679857
2.0588109122322984
1.3588131020908558
2.4024719463875086
0.9972650075111937
2.1590211402843207
3.8720109507603966
6.574894257459366
8.70539619243852
9.641965318194831
9.845451927256674
8.944029090362905
7.964478337941022
8.311026567699589
5.785651775738184
3.460867657918971
3.0484700893863064
2.245184818845831
1.249851376373794
2.2638345538079445
4.807201101562881
7.489499539319252
6.99738779190799
11.104289377750838
12.932880097704782
15.390568683473754
14.444429637608625
11.253034763249653
9.182576783928155
11.988799484365105
15.447218165018153
