27.380144211671286
36.54606648520982
34.67487036501732
30.75353981657993
33.457520495833904
30.936716796382502
30.347041648194654
32.51533279742203
34.14375200068371
34.85773171739289
29.8154424045674
29.476259039028562
32.418074087892805
34.99637238669341
37.72080728582102
37.838133552344594
35.476499960677145
39.16440959757629
39.45525102242444
31.62646231933419
39.58568365003926
36.63272325919969
30.674440488426352
26.989277358250796
18.32344631971673
13.256886430853761
16.387081169484247
16.17374797457949
15.854338325056508
15.612569437292354
15.322731833127913
13.190405320447109
13.893784576360359
16.729912394379145
19.39752638632485
22.201387352377182
23.82777006096435
25.479062192123333
26.41970926317733
28.687809438774178
28.99166083452972
28.814926430112262
27.07086006988789
28.1156718822309
27.242632592093546
25.723692634474553
27.230165679024665
26.423350537787737
24.921524620582943
24.56020021319894
24.705910344607886
25.01357119257584
25.419242079845553
26.701307719315242
26.9930498758499
28.09476923321941
29.0882575700144
28.24018884386104
29.08617967055126
31.158458592810376
32.28602418549532
33.55848504360162
35.10532828981767
35.21219347769854
32.793762331069836
31.696471766327566
28.42558799710723
28.159197544234615
28.180237936554654
22.341633959219777
19.880463295557647
18.61014536082644
14.439754502432693
16.586878413391396
19.840687385027262
23.017512277006276
24.529236228931804
21.14412852634663
16.13419697269032
18.16220478127731
21.539270512738714
24.790428881818386
26.307299447040748
20.65644184255829
20.697209963405246
22.764510693455787
18.50954640836698
19.489016383363783
17.433616386581804
20.273849733678023
21.94716575676985
20.299738247538247
23.41689367805786
23.669365154108444
26.30966224979513
20.36793589993561
16.74213819455093
16.60843551909857
17.883039000061107
20.4875347443754
33.107782910896304
26.3028798523527
23.562237831510846
25.375038887973353
31.457655700031296
34.17259456824101
33.910197852911196
35.70288759471818
32.96904598275797
27.734097591865826
25.62130092722399
26.55313745718111
27.073348851864026
27.217899821411663
27.971397594554077
29.176398884378127
29.358279192394853
26.56437875981338
25.494470921427098
24.697739164428
24.320094156763364
24.53611085208372
25.91791656128369
26.004391948216952
25.804131736699112
26.923278232090436
28.312825792227397
28.50958596519288
29.714737926768063
29.80344615328011
29.07078395043598
29.236064416525142
29.752868341510666
30.309799376328705
29.900817290706406
30.119856951093215
30.87279738636031
31.426277804965437
28.50720100254729
27.196179990409366
27.213562853227785
27.496215818982837
28.344287850983665
27.87317032754338
28.493983527396622
29.444968915182358
24.60406582072223
21.552177200523328
23.28789035556487
23.92445207236729
29.467237785630164
30.135492625669364
32.72835874313643
31.943486167420446
34.30648092771276
34.12043351515042
31.153674818248675
33.47080035119406
34.915833047238486
32.16165959878331
37.05895230951141
38.199119605140794
35.75049448835613
35.814665206114306
30.151966586229456
30.994867903656612
32.31661681025871
34.28708921779014
35.25269419913186
33.04964613289192
31.740559203838828
31.276746014211167
29.378062739193737
28.151854827107485
28.85130813143107
29.385881306513863
29.52199002796532
27.658051326652142
27.10241316736985
25.771580212080565
25.361628568497913
24.83884645143407
19.648568994193067
24.21099451604824
24.44635917899609
25.067780028896184
26.104434025625515
27.050292300551252
26.59692704946048
27.8861481257808
29.525370433860164
27.52677341563541
29.282614978327892
29.813954026290794
31.032272790204882
28.860078199991868
26.56923641894324
28.417637944380218
26.85637837275402
26.354542746335316
16.74644606298037
11.480964808452788
8.099357416523052
8.570701337114897
4.756122660885594
3.7804172040271062
2.1459215069608515
2.535052307040135
2.7385219989180576
4.203189360996387
6.470622123974896
7.409930061419878
8.850701950507801
11.185869688045587
10.4888051303367
11.375243060855992
11.800001391255426
11.034800863653116
10.643567521481833
9.231712793064823
5.082971706131159
7.017365040562393
7.461655655324228
10.961646710030127
12.700555337631874
15.1836431915548
14.43580403278786
15.091464313192771
15.564743550086545
17.458643570158962
18.50856760032535
23.947474198125118
23.196739909922485
26.093766031022437
26.001271053825118
24.72676951288186
23.925311783364887
28.683907504721535
29.751268205880713
26.1389785708632
21.38748810374479
19.99268238868823
26.430128116692185
29.088737453280853
29.753453894368143
24.24303102322871
24.014979999025915
29.017147417543068
31.35985247143011
30.92144119344259
32.703630488200595
33.386611855256604
33.63274703481771
33.74668363002378
28.38646154257728
28.187729642443784
31.018634547756445
32.16180589182513
33.049021693365724
32.32056898145375
31.72484677899341
34.969212182939295
31.256857296461472
27.276764955513826
27.28257854837328
27.68926337389511
26.916394910352505
26.988771851525605
26.645649361094392
26.70904980240688
26.13121026990518
24.840571663538707
24.491548019611997
23.056870228043596
22.724202464257374
22.897673878856885
23.226963082036587
23.29704382917098
23.573599593821527
24.065309406619093
26.100697134741182
26.610782197954958
28.458191998966946
26.1234430622876
27.031302033309533
27.36261096297113
30.349635341924447
31.114366544688057
31.428594016181087
31.222265409144867
30.576165298400696
31.2764517444308
20.77605325479475
18.764928765631318
18.75236795940888
17.590795775554227
15.172652336287099
15.184099916762532
14.983879255244974
12.698300225433648
16.74644606298037
11.480964808452788
11.594947936024077
12.715742417683146
14.535265657245294
16.792638016535495
18.108828567419227
15.775656955554135
21.233705183294326
19.62539872633493
16.763289259844502
17.734300408940214
15.937322769757682
15.253655690262487
13.197101693812145
13.792924288961022
13.837274429693684
12.219233903735466
10.45571939964438
7.688970779698447
8.774041384382786
11.100636239954481
13.002007700713653
13.075836160750002
16.751525660302562
19.33500499394829
21.092722968619352
23.27871251518694
22.65782361952266
25.748794505720436
22.937017856371444
20.569601291404716
23.91599311109916
23.66675498269869
25.946137826692482
22.1486189377748
23.406814325426804
17.38910075847236
18.748716846808804
21.26348974677397
22.394209466114088
25.422052551663157
26.818585127381827
23.106007589572943
21.677087659067713
15.844114497121966
22.86788061957529
26.062769402696762
31.428440734900143
31.445566410749827
31.737232903308197
25.761406375804516
28.59864918304312
21.799367948900308
17.117451177258015
12.67560110532845
9.051050779454242
10.868097683016936
12.467915499773902
9.10341430264555
11.890745362164589
14.17980028982238
12.794909735925684
11.592774386152211
9.684087014235677
5.040977490487801
7.568648043431685
7.606200965829676
7.3233772778408115
8.361445941786942
7.299301602071982
6.83531538888731
6.377901850997851
3.2237509022591957
2.038353269721521
3.146305575126314
4.960245818029499
3.673202070105481
1.7658055636215568
1.5803828523743415
0.01240336556274291
0.999474404666983
0.9740631292470827
1.5664749920143415
1.041338157393732
1.611632002996501
2.1274690355580295
4.648632109065849
2.772966063301713
4.902795128612765
3.631156698001618
1.0145308051234025
0.9752360339558112
1.570512713214759
0.0
1.0
2.119253527537551
1.520852644033151
2.2658824811858276
1.5417526987390662
36.23251184127867
35.889980535110894
31.519909844811078
31.386149030549458
35.474230693483996
32.05127133768985
32.82350666074698
29.249937592822718
30.795151292404743
31.578695372924255
33.07771619027198
34.81084944870285
34.66301205426961
33.8648538815365
33.18607384742836
35.29929707049175
35.95805883112624
37.06243571088312
34.93920462828979
32.884836218846154
24.002576871135876
26.947096128528376
24.287367297198255
23.17898098153177
16.87617607861153
21.326045787068793
23.363275715305136
29.551911643878515
25.679251725518267
26.237684374698617
26.570257138636677
18.794722398588057
20.22088651843766
25.146938888625478
22.46823421682663
21.31835384188045
13.852051288990808
13.134843774514886
13.913012498192897
12.723019808784684
9.0771435659242
10.983530493785002
13.394974839090299
14.738725020482859
14.095918832988628
12.391198813792057
10.420994801867057
10.97255573394374
4.6096214608963475
5.958132041138715
4.111604729824235
3.5046546775167253
4.902395467194508
3.6375803049644833
6.477819036395097
7.759828568759631
4.561269751800705
2.3348688992620623
3.84073729595145
6.348099481395217
7.333928446426532
9.853123592119145
7.2933067425857665
9.636628043740327
9.66171660098495
10.882316992485064
11.533645081102737
9.481585083164047
6.926303097792003
8.634625203447676
9.273710009042164
10.765054512069522
13.625958803640803
15.233782650889397
18.993182046489906
20.027335042833705
20.44763515546578
19.693513771074322
17.475114947605114
20.555025056953106
21.777370058814938
22.72332772545981
23.196758301748208
21.608810725713706
23.179105179116196
19.565545843944083
22.302644991773736
27.10955135397666
26.15113139477463
28.539659431361223
28.672099241985602
29.015513433354418
29.783080148920615
24.504190438022434
19.267727930073534
22.635968490024144
20.53089904911613
23.122045104645768
19.67677883481516
17.24683511433759
24.004305596483185
18.824110178895875
17.314967701460745
19.97423227747238
15.381819627629515
13.61547130813061
10.521183641765004
11.204150568485575
7.660021915747258
4.673301661109542
2.3019681494033053
5.200775962860373
3.927593804282269
5.974315114524129
8.156802647101848
10.10633187856039
11.450293471410811
10.730736778449147
13.414185246696524
12.411454121843981
7.67930311074163
6.0623683291525685
2.8391446576927137
3.0947945165174584
2.795902708592401
4.053661984737786
5.1767746422434655
5.619709900774753
5.287269999875746
4.021754018113729
5.584094040815923
6.02669633013099
9.489416414172286
9.319977797266333
11.745219626370705
12.836628757947654
14.51386649538097
15.910953908476852
14.302570925983206
14.65063893119255
13.110148339911508
11.516817074204546
14.818904254321984
16.608803597758904
16.543822457301598
16.020892624758293
12.848181736151822
16.202169077337583
14.24517235828825
12.485647691689683
16.075655650962666
17.07405368638407
18.173128328330023
19.673919097931407
17.47522244040485
17.55893966232296
15.750568951028322
13.041738110515691
12.214077345377737
11.579601659545009
8.150915215945547
5.304664180056929
6.57154066040238
4.772247678616312
6.458524739936203
7.976222365785614
7.447180134371684
4.895655249865031
6.476924701134532
7.998072844587416
8.750548904477537
11.433224124275425
10.938174215105338
7.479128020088142
7.323423537659435
7.2508627119463345
7.2251380612662786
8.643604682110233
7.821833819553676
9.013041419290692
11.354693754184181
11.829584665783885
9.267128047820439
9.868935955701797
11.648896892373896
10.969742415102887
13.072573181854471
13.228792342696142
14.565136984536522
12.414576989686115
9.543406975853907
10.313010225950348
13.420383623760525
11.833666434890354
11.485312834765011
14.794412503175858
16.495696479261618
17.30787278352971
18.24189782536579
19.7032666253356
16.067831481930956
17.824241079090854
21.377978904222616
20.620423506762524
18.152790581873774
16.81871074492131
14.085158280152509
14.973460785344523
18.89139089258904
20.344015018884672
22.98082683154019
23.874196243284633
19.58508756536508
21.281157346768246
24.119758929334782
24.9458454314667
26.011473027761262
25.17403777497273
25.096193633112602
24.978055780247864
24.562445140593923
23.554931433262723
21.186905843422952
22.550650520664085
21.197065490025167
21.373882877998852
22.20777431947164
22.41076275121902
22.598160387879883
22.345495584824295
21.81090279572898
21.975855210732735
23.777852911059394
23.84813580242686
22.48419708389828
20.664558481525248
21.1382925397244
21.545893746212137
22.102916950026874
23.2070954843857
23.657246778019307
24.346746468196862
25.05132536741132
25.647302253058797
26.096104220354395
26.602237523713903
26.819225985385575
27.23048719275491
27.75407108528747
28.65450289676781
30.721959106371646
29.23262364323192
29.25226354287926
29.576970502229987
29.86977041250872
30.563357944349953
30.808971454013957
30.724406120602524
29.770934740387204
29.198967479843194
25.6057000364073
24.767741477720765
24.423841980159448
24.59072014416337
22.68720523913592
22.222901289475768
22.274764625219685
22.766910076098252
23.174002182228456
24.248703093336246
24.056123604151555
25.735994185326618
25.863951376502282
20.241978189066756
21.768594728899146
22.211400502063526
20.010433950080767
24.11371962859002
21.237808573263074
22.291870812745096
15.743452804696105
15.187980168071094
11.47259049880455
13.466965526897052
11.74241535905596
11.030555456003714
7.49714985078796
7.101773662354186
1.368422732365833
2.792487545071274
1.7405378918022498
0.0880841452290834
1.0191972264402263
2.0807090487528694
1.0168436896243735
2.0782447340879573
2.6245525347229965
2.3013471848313816
1.4723506320801205
4.113636764558693
27.380144211671286
17.2168917121043
16.387053770795227
15.7787945782426
19.20146216527118
20.82329329095892
21.812116531689274
20.339581105851302
19.72335992757806
21.706657202034442
12.429329954370667
13.585869510182341
10.154038262143365
12.885181789815768
13.336550211156467
16.33174171851129
15.910932800500523
18.627701655545472
15.729689768040464
14.417042877997032
11.944522518765762
11.494429713680889
6.0733015252862295
6.710697176232328
10.765299498728302
9.928565217995237
12.705125106553396
14.173610072748566
15.10369019671161
13.334717428031606
11.865598152053364
12.645778326704656
14.532798433807905
13.907151885008012
13.807614281868997
12.44563520978971
15.561393047249581
14.630055116549093
16.0272678906955
16.571711683351033
12.940744256769232
13.18407398233676
11.672233241997931
9.129721710990655
7.08225138050415
3.1312633727084234
5.40191680258663
2.5813557141581827
2.6865882114926194
2.7093374958332794
2.9114433450808224
6.685797294560092
9.372353127069152
10.759183375445637
12.530984365255247
11.736402335632599
8.832934519997622
8.730656431908605
6.263566110778287
7.498118684874627
10.167233395108317
11.353225913606384
10.515368592078996
8.87336966631682
10.34100862826145
10.249965021020436
12.996157231731344
15.314338280335079
15.291655455687387
17.70221407602572
19.90454703145482
19.993035777656253
22.94438768763787
21.181868495931553
21.660326622856577
19.95588335362003
19.134094321256725
15.227582828940347
12.901024300505934
12.20983457769295
7.589509912964708
7.84635317343167
4.286520255779639
3.3284193289483754
1.8466165562968757
2.840047447135861
4.87904078467453
8.329214526971924
11.181434513395587
12.240916951153796
14.11272544264615
14.262285322576536
17.685806489798697
17.220515997279513
17.914552822783214
21.66478533259722
22.892414327259857
22.864947471272963
18.598140216819885
14.719121961870195
29.629320179046925
22.56715000671721
22.072059156989887
25.298356055521676
27.212964659321848
25.577024378977594
21.187250612324824
17.229479616518947
14.390738025575866
10.705853712010006
7.200366146326349
6.119313451062111
6.788937883094773
2.8864953358221443
1.8905289899120659
4.21456737947821
3.3484057578160766
4.043134503639924
6.23625575884496
4.3284118235071
6.620452154535587
4.483267089800422
5.638635225600404
3.9377724567869357
5.291350567197058
5.981540763791334
7.508802374287231
9.196054783102422
10.156436705616372
10.93998103987225
13.154062883474886
12.157971107651743
14.007809302479423
14.647591554219206
15.461807216353506
15.678481032215574
15.042042906171943
11.077707570878651
11.103717873897004
11.034605944724573
10.954358533215443
12.483268525631132
14.548703360359063
14.253049702206173
12.518672547319216
11.839696870581813
16.11172661135023
14.544756950091188
16.634589529235328
14.57294117178534
9.428823273804715
12.449492567074687
13.52855166045418
13.982878065414667
14.31818564712524
14.498691697311513
14.687899632103935
17.14428758414945
17.381754381132335
19.631261955670624
21.652486928169843
22.376558909558334
18.847235778027667
15.777091857514845
12.021602831878177
11.838617458620154
7.4307250039497434
9.020085721646401
13.088779529826011
11.830219709698708
9.593753096557846
10.303698940444692
8.803586318811679
9.80288438985149
4.71174843109444
6.07648057366195
5.363514981514966
8.297644918219177
9.79834540789311
12.249473358877715
11.059950980645569
14.056517818760033
15.475781702642312
18.052563306230482
19.085776408204854
20.552482013838976
21.71199023035195
20.136361597322484
18.7363390761208
19.073371716967095
18.578514014982595
18.270013699263277
18.884472138705576
18.832456163866674
18.67269421015224
18.46751290803209
21.684568701651614
20.634601706953582
18.667215793124413
18.35718907335741
21.72166711500315
17.688055833699156
18.855077437920237
16.860257985783484
15.998309884174741
13.645697614700698
17.50618278496441
19.580101464417833
22.95992958058108
27.429841972462672
27.365907264810033
28.04639294246641
23.52628328866179
24.512275579408865
24.868731450600343
19.426029619011487
22.305666021778077
18.58189653179767
17.12684097846933
18.546278685740745
14.572242598179683
9.988221055480883
11.683345170371558
11.741079851057647
14.297376653019827
13.986427020613004
12.242839123980833
17.856777188767573
18.868341657417297
18.220582138076214
17.836854388215638
15.791865965868244
11.778940051976043
13.520183159941013
13.73761015568373
17.932885437364178
20.905339725068202
19.998874434356726
24.61646499666352
25.550217016784426
26.78685702110166
30.18117494153486
29.275412116568607
26.940758218572945
27.78121417232526
25.85151100354361
25.032805811155104
25.763195779785406
24.51399690512226
24.852742991808604
24.470545736411005
28.275846142808067
27.20752697893255
27.110976773258923
28.094677176519028
28.22232570706842
29.170454769893006
29.25418027822204
29.57048927282326
30.019686233298582
28.86650411866097
28.01863408836952
28.401537767258592
28.74320156689166
28.73529183422908
28.76246554964467
29.406067623008287
32.0297634674794
30.97956874635294
27.85758395242394
28.030826047128986
24.95422650124754
24.6373269610843
24.939735990238542
25.34828749694343
28.778290783804323
27.97490827058111
29.007939421682366
30.50010170576224
30.998101127178398
32.04541319158798
33.075619643769386
33.471420129511856
33.2743053867171
34.220330014458874
35.157205342200534
34.91579135339972
35.2658773623005
35.2983528555923
33.30990080461515
34.02759114663733
33.38463064669088
33.07835861267061
33.805001659017854
32.47282912364345
32.76385639531168
32.22823226554011
32.59216057082195
31.590300487611444
33.12963212391989
12.476614649967443
9.425439084791037
8.424741555687175
9.637463238010032
6.943505126007911
8.719408415361846
5.427097540622752
2.64570772863383
3.810572743230509
5.181137081057405
3.944935092030741
4.456457320961357
4.506885213915487
2.4319718307487226
1.1216200173029789
1.0460311149765196
1.4074687632356315
2.938636880352425
5.3157603848285255
6.6340467766236735
6.468141164458865
8.406760049434805
9.616982498235886
10.363119296809682
10.041317414503023
8.489875220917003
9.378595789543231
9.723608476932244
11.27511246489413
12.019300536250196
9.592120389961677
6.752993959700094
5.814512514751186
2.5677759837102117
3.6843333479551994
5.008542655975424
3.6462737585108136
2.0625145467511934
4.12495747216767
6.063162384370433
5.322892866096697
3.834776448507284
3.220534899522244
4.878159165422956
3.677995389058986
3.133341953352895
2.8734432420914517
5.233806242186081
5.789044634342803
8.698662816810659
8.758314840616979
10.053948643058645
12.352658830078724
13.21460382257969
14.560991622722298
13.737446970910247
14.103284991440638
14.763307200005825
16.24040102877533
14.914393445902782
15.702044443464958
15.036183069262679
16.120126170496214
16.134705172276636
16.696149988588676
14.100572237894017
12.150003328344367
13.289480007966363
15.396115363587134
14.80860390302976
14.784016220777106
17.608109178777124
19.316055997668144
22.875944683625143
21.49363187992884
20.032730231902747
22.170629309693943
23.733167775233206
22.100378054060904
23.560422284471247
21.86547324304016
20.91019022168347
23.01751863924784
25.13553236720029
26.69055997937002
26.363961004427942
18.165632768029894
18.905862089347654
20.608513825913423
22.259473041127997
20.73467408628987
20.931238434601788
22.45039670697157
21.995927189717747
23.103311028987676
24.555876183899755
25.137348656636334
24.80224083533382
25.012073978855863
22.441440067277213
29.629320179046925
29.864849238038925
25.7157401808185
32.942396351196734
27.23234142469352
20.260707430410775
21.15494598748909
20.639850511448845
19.518906358812707
18.19010253154318
18.677026484706694
20.726738321215045
26.059169464993815
26.981003883305384
22.838288406407887
22.801554170043154
20.07731838727275
21.35478473308924
18.121333757712286
21.64621038844383
26.033191169651715
26.1990443205783
27.8355692789821
28.479190314866006
30.000430663406416
28.262792935548692
28.20730230984437
28.008992318247948
29.175754296429588
29.085503491891664
28.964199879039583
28.749744981838248
28.046555033148362
28.025103792714805
27.54804736887174
27.983199403531927
28.623901729874536
28.527911229786934
25.850727168942527
26.308442960389797
26.178312261094753
26.19154144648463
25.427836363526307
26.634651209833518
26.70085319271626
26.093856012078966
29.56428179447191
29.279182387799107
26.517626250601705
26.038447422553645
22.9051467388344
24.165266900945028
28.559627062653764
26.48701513008897
21.031966984175572
16.521983934531157
16.098133429716626
17.016679542151948
11.512613010467494
12.364178643135613
14.044082605650559
13.273181494813302
11.278605857394396
10.891234458834225
11.576797530789694
11.559173440184209
13.090657490812298
11.709813194609557
14.039795981729545
14.639479015026543
19.131867584685303
19.601315408423673
23.94521505258757
22.903883363595025
23.39755341940697
16.060359193011642
13.553842763298466
17.436823254502094
11.538268507549795
11.78293233626673
11.223415244519586
12.603937278205718
12.799695713437632
11.759978038170201
6.0905173154511045
6.728489457811254
10.790401767990415
12.162335629004566
10.60982901740332
12.332084009249595
12.824745098478978
15.68069244144425
19.260970681624126
18.744469741501028
10.889681327130612
11.970907384015332
13.857226000216992
13.35185811798944
11.491108365232375
12.840527563819927
35.167776621700284
36.12111461042205
32.71920084782516
35.07501216096455
35.558621534050516
36.20453106987928
39.0297004498805
35.46852036506181
29.23425549759998
19.944387983992563
18.617977755868303
24.983764307647665
25.41382820898063
25.69916278195987
25.950711719677596
26.039978029057018
19.437363016463575
13.5583044734488
10.935292776316407
9.819491224552785
7.0326925777941165
4.263617782411725
7.647808508183417
10.022815195904895
13.052358077704874
13.974788453958883
13.532980680657133
14.752951092913428
16.827849192949795
14.971528737996229
12.507513527019771
8.882321655433582
6.462734230602571
3.983046603373253
3.7133719222458885
4.4875769000561245
4.87662501765359
3.4822191296015936
4.59287636022014
3.436521573242345
5.421547125382201
3.697181739718205
0.9884911158145433
0.03337908738711311
1.0218130688132345
2.0535560473545105
1.3531099759145195
0.011904228635400972
1.007876192542827
2.0666280083816795
1.0015471926748343
2.0610896915187706
1.3441080345910998
7.46511419333134
7.6154525232803785
6.400866138908905
2.741598400870574
2.2765931615137203
2.4849940341525327
2.623127587565374
5.041252405386354
2.7775401516708187
3.424432416953894
2.438666947288982
2.652743257142367
1.2671907789011896
1.0108851237490424
2.0281178660403074
2.2700084884366127
3.5322812580105025
3.18639278993129
6.582495066011569
1.0761063419242773
0.013015830857086316
1.0191336828928264
2.0320567570371817
2.7530101703014056
4.089549491985216
5.090811105123262
5.529839946741443
2.2315495651400354
2.227713942620418
2.4258503714579747
2.279432160057232
4.805312228986033
7.187663223869045
4.732606677409713
7.076651304296176
4.435271675354876
3.396119578721669
0.9886461408173679
1.9832726713258053
4.086372672529853
6.478249937152329
8.468437798622166
7.113856837161799
5.3864073304102424
2.4680450862510823
4.0832678094351165
4.616251995170305
29.629320179046925
33.05834653769144
34.48409672516901
33.62062284156244
33.88889329780286
35.25612498612031
33.36773986602555
34.21062304928195
36.28089222103408
36.761461116230564
35.342705339491616
35.53711735994994
34.45843474812541
35.2014455179367
36.80311171311217
35.12128756305639
35.57893192070872
35.58598748770289
36.28322639654369
37.03753555352349
36.76188036303646
38.74262350165806
36.20701618931132
36.32075558259867
35.27210976271872
35.61074870177006
36.61755100890435
34.45439018536518
36.879961314072034
37.24874641187948
37.7991104053384
41.98819096379146
41.303495897969064
43.36163882425659
43.49555881815539
32.48477584686007
33.837831604520396
25.916522761407567
23.13064570710959
22.420068948703545
25.05977055144422
20.24107164928743
14.776446032503712
11.428226805691537
13.41824568416298
12.692308006520204
14.017035198589216
17.107006636665954
14.313637462554833
16.044944654546747
17.379614615593116
18.178220759997558
15.777621027554526
18.981734708190157
20.47617770394792
22.966505673333266
21.5380216748853
22.51990962397065
24.93572087168211
24.69459669710869
26.53147734922313
20.88199512771797
22.58029457563846
23.04881230196948
22.864558168833767
21.014830461783518
18.72829876385554
18.44569693375766
17.226341672494023
14.72611212713329
11.265014419106095
11.666765370524274
13.200262951143266
15.09607032347413
17.33781826449904
17.465452754679262
16.96765803257055
16.97628434358708
19.956017122532423
20.487838695214272
21.224859520933084
22.507683932762387
23.366208579778295
26.33274082481224
24.67902143066135
25.893969278547104
25.54303446367845
25.123741036128738
24.764519415579674
24.30160831412154
25.0737958188199
24.97657134970252
26.007770881730348
26.337501305002803
25.513571259097326
25.839188236939705
26.54642629363062
25.69771664672897
28.03570364048961
31.64137847601837
2.1864487065727247
5.325695553170353
9.846404724149366
8.8971330221584
8.324542085369925
7.954517718644714
11.126227654874116
7.134362593344241
8.35760798338572
7.3407494682861865
8.110855660154316
6.984182863443067
10.193667302125332
10.7019324742489
12.36842398264058
9.887172340832516
8.288459682399237
7.400799870264423
6.994040359214559
6.556767169824764
6.308248050147588
5.969432005935469
7.5937502068935965
9.637771171725356
8.91932198219733
7.310058998790037
7.969673541851784
4.986155066429763
5.5454816430861085
4.5008372279583195
2.389080291601388
0.0
1.0
2.0
2.7430555555555554
2.779261907925433
2.9661741287214825
4.2717551064708905
3.44983056661422
3.0227997920817784
9.365109327834446
7.8141867758974435
9.277192783664558
11.099120093849658
9.811361360664788
8.055627090958565
9.458011209832879
9.957656876193976
13.372498541970845
15.069265623341533
12.876363529504495
14.266776239560642
15.049278253545186
18.646079574513365
16.78355913128614
18.335889535816047
17.173366430161906
17.146052092646322
21.903367437161844
20.576070988857253
19.27527726706419
15.356826450354992
13.07566012607342
12.552721543706658
10.384289786313488
12.729578889280688
13.172389895695279
14.417466959302418
15.281856455930201
15.765010855901625
17.793896126824926
20.43320707737187
18.021463427008857
17.685047494451965
19.713751524562078
16.125726401782035
11.538469959540864
12.789144855582713
14.590021709534671
16.74881243974821
10.932429154479449
11.286851138739934
14.285956646978658
13.655853021518165
10.66754353638757
10.022499210213313
12.522388221884453
16.04594145061985
17.143796918167727
22.84483783035698
23.124039964407327
23.546966214294102
24.609691747208647
26.33435304095437
26.689195817393298
24.12720740481221
25.577799915173365
22.915123132702824
22.703567809961744
22.231215909813084
8.838930899727663
11.940609600917007
11.228387792803392
12.606071164027178
10.049254823975373
8.747159709870811
12.565026660968954
13.000972318834318
13.457909091624396
13.758125478989141
15.419685519598689
13.341074919627442
17.404249532571303
18.515957770835843
18.02404821887981
16.63818913078642
16.9292683208493
12.19869251558077
11.836898771915113
13.240601826471345
12.180974209373243
13.39556156850387
12.264605860522229
16.201210885418913
17.278040494532696
17.22861719413139
16.825073306025715
17.411614182141243
19.695636617289395
21.70475615404425
23.820796727660888
23.249607170908416
27.02127413286862
27.92583583087743
28.551759344648282
29.803886810767796
29.61657348200986
31.334598032067895
24.731355939792092
28.729440882904008
31.03327283686058
32.8102507131305
34.30480888162546
30.216244092713275
24.146617030773914
25.452090464695868
26.284786452866356
26.952476611211065
24.762844389715536
21.563814070087414
20.538497884654692
20.336443027609025
23.595803933276994
21.23054242312209
21.431520082454703
20.19979211802678
20.882928900622943
18.842539520901298
19.29913163157419
19.450338107141405
19.45295682428813
17.944756953851087
17.15641022875362
16.766986696990852
16.51254573945183
14.16316995415928
13.05984389425735
8.245028947673212
6.482294717751645
7.0837207343298685
4.444606031478115
5.751815176673919
7.546405009818052
4.968749588107417
6.9536788016632185
9.158260088000723
11.34951903893182
8.43008467911558
7.846748890598518
7.541591856388429
8.886004248088536
11.683199682240021
13.6792124191702
12.656325553528056
14.417930506842739
13.99411570286035
16.29662506920257
16.128161365243496
17.36001173746192
15.18392643977091
11.623102773606748
13.431070598056111
12.213063787456695
7.468672212785442
4.732002990862374
5.024310872375788
8.326221942806722
9.02345766190119
8.096563154741775
7.573699527822912
35.167776621700284
36.04989859246648
31.662835160942734
30.27250849772744
31.413350259437504
34.079065588957754
32.01711681745774
32.369878492231486
32.383129675663376
30.743283396325186
27.4248928394938
27.849370503489236
28.335569422002898
28.648516215757944
28.76963093268594
30.53074281626976
32.41866407492785
33.83784700339074
29.2111366932222
29.922111661136565
29.904603591295587
29.955245987003522
27.48222886927669
27.09823294260931
26.126188002980133
26.561676563158272
24.585133115212486
25.455830546877678
27.965399834462346
27.605811771565484
28.347496294440518
29.563420990265136
29.54231145947968
30.44080766334121
28.52551782712953
29.027317854824467
28.7258942887781
28.685632366449546
27.11884446577735
31.062141224854617
31.2967299267231
30.142440536993437
32.81188576599267
26.075747325218313
20.23967856819331
23.217248798832728
29.564330979952018
25.879649212604264
26.46681063333054
29.497149433765625
33.193051979032646
33.931606443545455
33.04902981732568
30.264561022667525
31.365920058855767
31.90293548981888
33.932373727235955
35.94474394792964
34.156394624217
38.33397703184106
38.35162035959339
32.00293169868931
27.75010376368713
19.0340318894953
13.438521405531738
14.898915172413979
17.14141485010885
19.89790533620214
26.68217196768354
29.0567893269589
29.88051460145046
30.38118621710267
25.288978212498208
26.116304156015968
26.357517034509925
26.41818629303669
23.4098450668527
22.337752596736394
27.468060263063414
26.74056900757746
21.75403697744496
25.715278065053013
28.73260359459259
32.66814586572331
32.79330437741949
29.054494422574727
25.726946126311624
24.805957606892274
25.397409183531888
26.66993608817608
26.972921372984533
26.533483943082175
27.914275507171485
30.54859971186948
31.949133468138363
31.266500694634736
27.54159216030836
27.83626332525192
29.00089226049549
27.786604729036632
34.68967330613148
34.86479997710728
34.720321623825974
31.567956982477376
38.852493711914875
38.68855878148021
40.90944884639488
36.81339845103153
37.94174481857525
37.570092289842094
36.89042781385341
36.93205868539882
33.499810835550214
28.964586367880035
26.62889732963515
25.94950607272448
25.463917469441423
26.687935138729213
26.924421107223836
26.061668690012738
28.062379758841868
29.892941733447433
26.843966121797695
24.834762958703838
25.041115007126514
25.0354891242237
25.353497994983822
25.939689897631457
26.07110537035141
26.207878100504825
27.408454884917166
27.46999853500408
28.009599117313787
25.9346817016139
26.944592020257126
24.933796088951574
22.676081398470373
22.513733008497585
24.09509165799095
23.79871909108597
24.66601820867394
25.707978921719825
23.031579692017573
22.916685504669665
23.789776322919835
24.500697816402695
18.63614355170698
25.602506228090444
26.034113057903703
25.827097694901124
27.34159270782726
27.837866311391434
28.034473506055427
28.950904449596614
27.437041278628204
27.537627069438127
30.838948660056424
32.233212094979656
32.5019789871139
33.417442197725066
34.34160276118341
34.87109480840131
33.628186993670454
34.16985271339571
34.49599064240614
34.26136826755481
28.506681951685362
29.210542041052012
28.728303565759227
28.535501346357307
28.561923118678504
26.55939384306529
25.695975881724546
25.45072046872806
26.307278928953327
25.82732408055249
25.653021074887562
24.239744611337244
23.625996735500355
23.464463388939762
22.464271763007265
19.296274799689403
17.038794010207038
17.034584017543605
17.505881824200387
19.024851171053808
18.486238049622123
18.848120198612715
18.432134559663716
20.31486139093153
20.681188345255972
21.099975668822214
21.4826103503107
23.59202783813511
24.579484539290874
24.519456564330397
23.14912797772243
22.286076570379393
22.600453265054078
22.494930104316452
9.951184821037186
9.214290916512063
11.589405235941598
8.49957808836148
10.713107813100635
9.188808415406607
8.479395707041984
11.604336862429417
10.802682352523375
10.674636086235129
10.404605139802419
10.502529168578915
4.368269137938505
6.394209984249625
8.427563243902593
8.909635417839041
11.813321465549251
9.010312274419467
10.56444215671581
11.311971302304809
13.078480340910405
13.8842620959025
17.011958883981848
19.749107683729537
19.245504103958705
20.142861885734433
22.12254786852812
23.6426134363859
24.043669923295248
24.95473251491907
24.561798072637366
24.183969561715365
24.562719475904863
27.71204841336902
27.44106016045155
28.24364244031688
24.676529498553364
22.198528251660804
21.971314825859633
22.105062466806785
22.76395930781868
22.972906485261042
23.290827191757238
24.327271139365823
23.828974703797744
25.12317402359774
24.92012296000575
26.463212448485642
25.656625054004806
27.126997242989162
26.060037307323103
23.605211945824504
23.103345860778973
23.441970576518703
23.536209080154663
24.032367358751042
24.474207033358628
23.70460866824424
23.5763214599312
23.625420290775754
24.319180851988417
24.725727278084108
25.868376316430037
26.518165819463785
27.399499826146897
28.440947288640956
29.32421954007815
28.40771275205876
25.68840386178274
25.225821789249817
26.7502704939064
25.544291206508838
28.7402991051882
28.973602890376835
29.457720038649192
30.018411638708464
30.456478790118386
30.058463128233555
31.13715386351709
28.17213927024168
29.011115110497478
28.728453421748277
27.08360445404253
28.35016599836662
27.367986190035996
30.257881787471746
29.608965498083798
27.883048060095344
27.144343447378077
25.65266252206549
27.029096991780015
27.157032592309427
26.820280019788395
25.820808908266034
24.077155460940645
20.736561700222126
14.608728518929336
12.16069483542157
13.9813417164212
13.527854641023273
35.167776621700284
34.22179068853214
32.24047150502642
32.79987301674442
31.649026104961205
33.592495990494626
31.747457527847743
32.40893143388326
29.254743841547494
29.819039824647632
29.44942578053644
30.613148976123618
31.13599560682985
30.216679898274574
27.96091754350122
27.252713788981914
27.541745097899636
27.44094007221461
28.02522974152093
28.115495089760124
28.584580820260356
29.467751723885396
29.359107340613452
30.46756223304015
30.241423267106125
30.010041571581212
31.648305144004638
31.550195058070347
32.089020067787345
32.577028365236536
33.86212687901817
33.58512985123951
33.316258134958275
32.40422113388226
26.002705086097965
26.115964471749113
24.35240417399944
22.56769218104149
21.928431182858443
24.721135733103
23.53743062400886
19.325109155592116
17.35154196065948
16.61658407645965
19.203919355496375
20.232571338889898
16.91153265968604
20.096518505973613
20.391245342075557
20.794386885547198
20.654422139223033
23.636235727491794
22.202455556737764
23.191548930867633
23.81817131160578
24.30150707162288
18.584268117875926
19.951198129387794
18.1876951311142
16.844030476463466
17.124264179167625
17.75123391006892
18.653016484109767
20.734561794605924
21.39984027010931
22.722993440222197
21.97851910290496
22.245910077854095
22.628548638352758
24.142073875286343
24.783954930936513
24.222229436015773
23.572139960137086
24.097738028675046
24.349284201143405
24.77211841828049
26.1377758819352
26.321273693917377
20.663172512882298
20.131455196247387
24.73954559953724
25.438443187689774
26.119179657821437
25.08741013407557
26.56315457071056
25.130290750844335
20.609733711910884
20.38568545892553
23.204604457399775
24.214247076555292
22.19576187358452
23.42133304265987
21.932642882507462
23.13078309389181
24.502920814160575
25.273349274546348
25.493484480195672
25.553282811240685
26.265823863071542
26.7377288132869
