29.19863849091399
30.691100580070874
25.275382505267046
26.548072328681247
28.736301448245246
30.096562377399444
30.08384518999385
32.111145835404315
37.55108404989539
31.029245330922873
32.73403379927032
30.8496845247129
25.513863046414947
26.39675258255829
25.280025238951794
25.693293554568427
24.855500799896294
25.75478906008834
26.89712702844114
23.526211256472696
24.197117085227845
22.481987983322153
20.801824821778386
20.948594822254908
20.77068911593034
19.89065800905898
19.547624881082488
18.759610157494645
18.246304564366632
18.253216983610955
18.211356016707875
18.374596225581843
18.191949324275747
17.41165639617312
16.926090663232564
17.68895052117931
18.293142134211507
18.817688110495983
19.934257738832933
20.277144884672676
20.589556952198397
20.859422741266403
20.556570816806552
19.5906255385779
18.250705149750985
17.105557718002157
17.110635646225507
16.82706815721632
16.197336865208037
15.617915198177359
15.378571841485646
15.428673095789495
15.694091252000236
15.82197677503359
14.295091668124584
13.320276584326272
13.754698517492175
12.260357269706974
12.32617337882954
12.273433798989787
11.919120169664156
11.170794241996793
11.545791079446877
11.400458264785849
11.012007870420458
10.851391308891836
10.64879935154833
10.212647049469712
9.959842869584943
10.465776209010652
10.799124082186195
10.990875612278572
10.51651951119019
11.315439394308534
10.514484905573019
9.516776444252638
10.447219435474599
11.153362356187387
11.143598050293813
11.556022513816702
10.601229240657133
10.675188105433408
10.461701736052557
10.465828473207498
10.780166023938232
11.250866919664018
10.543466565425907
10.967183216283733
11.223968879401996
11.992715586668247
12.243381750005906
11.00871753980501
11.701991742889458
11.884067478251298
11.953855350182533
11.889479880157449
10.987764472422116
10.3374213541086
10.323748152724388
10.604901325091634
32.81313218188308
31.13555475904048
29.673299984034628
30.778686430545147
30.22865960612662
29.64286158898131
28.234079216089572
27.662493489619525
27.02742748595267
25.155703320040672
26.98016352744094
26.519843918347693
25.95452697550527
25.76023874509086
20.91821163986158
23.67495352804769
25.271812892053585
25.797124090098958
25.69732252007339
24.408521539436908
21.216692705864272
18.653205805035903
19.85455443569894
21.257668676099478
23.272778369917617
22.91113234923187
22.260316588609847
21.857311303441392
21.772173163686436
21.697588512400593
19.903862796543372
19.532453964508946
21.826799781850617
15.655089103404169
15.163838484764671
16.5545842950705
17.166442771953463
16.916195310341564
17.934516364638814
18.34193606390839
14.821315723692184
14.788431774829641
14.36005803535035
13.562538530274118
13.891147952847195
13.97938572924056
14.277905961640304
14.266056409780205
14.555383745969023
13.336648251169594
14.150059329992995
14.787441152400561
14.481984663904933
13.665489726428056
14.725108728607056
14.873048436038369
15.080582996508106
15.380381628585601
14.788809107690083
14.736778171492011
14.072081253904004
14.16443315472551
14.405909588618847
14.161658124405571
14.315547217583322
14.613609410437466
14.75830235771422
14.558922707774624
14.854315754596906
14.59421410675305
14.89827704796589
14.665805902435547
12.060655127752232
13.075083786528307
12.950620092422506
10.467266459433041
9.57184937433434
11.76267743629207
13.830581291732713
12.115877437835158
9.830793782407541
13.197106012629664
12.03148348407624
11.910129898305682
13.031253230490305
15.056452456950604
16.021928437291194
18.392788472432304
18.604770528226727
17.982503799329407
18.73023326448218
18.905985252733306
18.768102242745794
19.44856470335765
18.55459022489925
18.570399710823615
18.210968639004015
17.48901077520374
17.0886351962235
17.260776515172324
5.202328376598447
3.5110552946965337
3.7660352367240337
2.618892384990312
2.805583655873663
3.318299433724939
2.349241098271682
2.480847788713491
2.4356046950150883
1.8756122928252337
2.4361134718177926
2.033547463243485
2.418330503129922
2.392411609176666
1.719013409469969
2.065403862935361
2.328250706616596
2.521533523242118
2.834351861752254
1.8726740829355026
2.3889361054541247
2.5127095173252454
2.5471427560960085
2.495668292371232
3.1519599639660174
2.710037818857563
1.5108580627224684
2.2103689698723326
1.1779052262729495
2.0336353469716735
1.9155191488634349
2.0311789639879243
1.50371261692365
1.8820285795194245
1.4511154160282986
2.149836441694045
2.362779377275887
2.0723305613305496
1.0780449854791427
1.9409210891918167
1.7807083395795607
2.6050990700675336
1.6648932058368442
0.0
1.0
0.96875
1.0915687759034356
2.060098485378889
2.221250894929223
2.2548578558288903
1.423315232896531
2.117839960129225
0.9954069524758838
2.113232600423552
2.1759909166044813
1.860431687272568
2.437044008155609
2.43154318293807
2.4865715245358615
2.5337462385157634
1.549210146599844
1.0878732364011716
0.9999170980166472
2.1191448531124006
2.2047516532202573
2.472290206966708
1.496742171522421
2.387861252554074
2.300710963904274
2.7890591596991063
2.5104074514170236
2.7188994406173874
1.7565027207597201
2.622524527010065
0.99435778546268
1.9943577854626802
1.4368282807910555
2.117492635891838
1.5870293576985426
2.278826669857159
0.9866837929550046
2.0642102170037058
1.5836615307395214
2.2704271754585825
0.9871712316680421
1.987171231668042
0.9801354772204032
0.0
1.0
2.0740740740740735
2.0828402366863905
2.5109486626590214
2.3645615838205716
2.524157909459166
1.9586153362426757
1.5374675096140755
1.1600681275398212
2.089172968406628
0.99748761304817
2.072213046702348
38.266164132774385
35.24308426698667
38.02718050688265
37.26390398865188
36.35517782061877
35.53744807789266
35.09517019939974
34.18764540281579
34.883343522816055
34.70069105308739
33.84747057088017
33.86920680300948
33.28354312177164
32.86188105421364
31.66926547318637
31.065625153253585
31.553975766136748
30.578582415168817
31.93186695440205
31.358442231319675
31.496774771726653
27.588611780947645
26.449996290871304
27.798411218661737
29.317370864772133
25.83543400269233
31.305597557719448
31.60799101065659
29.39918114547907
28.492912331021707
28.776467276677476
26.649342039672273
29.28005815213004
25.91324873949474
28.700676911902914
23.500405777185332
24.227324392698492
23.067748344203146
21.43534197991764
21.517372491583092
20.00090847169741
19.615418384987255
19.78137944632789
18.49870017771507
17.093065976455005
16.946933968235932
16.71209152188444
17.273044679113717
16.258599707496728
15.370640904760903
16.986485057405947
26.501448197065976
30.738670167193625
25.768290365767104
30.958763426908927
25.92062088790112
25.24686553498025
25.552519115456487
26.20558618905741
26.563961828964175
22.887442175794334
23.648326727837603
26.192347045404947
21.145654448366468
25.28043639316586
20.700801658811944
21.08368035469439
15.295492262030056
15.170750430460595
16.019592227786784
16.241481284791693
16.440562785132453
16.554534644935192
16.59951398628575
16.61580862416924
16.543134832400803
16.627720778831605
17.984981051066647
17.62144442221868
16.47748453132269
18.125064407901494
18.85717137486837
18.649070891665925
18.65610567734708
18.851305336637992
18.42944562723474
18.30296703631051
18.55348151961954
17.79128594317062
18.187627130184975
16.808085218369396
17.195184396970078
16.842195259663818
15.705054600048951
17.72877354877118
18.973425031370287
19.604835101998617
18.134770285546622
19.523257119535597
20.235311165549152
15.911899728779659
19.318541138546394
17.60785215855525
11.80464134500169
12.290086465282688
17.082215911741564
19.55359374382217
22.40623020127662
28.576820033557784
36.689877905732246
33.967764824864155
37.2828461543932
48.01953781844975
49.92020897896116
40.47902886761033
45.180644730815814
46.781258341979346
51.009770281687466
42.723173903847744
37.49202274127931
37.64527244230108
40.37060315346338
34.850725804693866
31.7921409642391
37.59223923413421
37.99428668647256
39.958001742275336
36.12456770124281
34.45408604143596
36.00238883462677
36.11313971046695
37.792232795353236
34.98078525463735
34.438189103157214
35.03650584301152
33.310504021308454
33.944667233170065
30.750038617721373
31.96575420485123
29.90214941548922
29.661631730444537
29.803069482286165
29.701097415194692
27.81637752688164
24.70154947976046
22.92409344163821
20.34685863127782
20.232488381092807
20.17774248424631
20.250316772621584
20.056454847072615
18.60160686199763
17.288766099575792
18.139876832268055
21.224160009273387
23.83678116567993
22.191929287314586
23.774876469936938
27.025552343960662
20.932612073415818
20.339120281976772
17.97923418705403
17.45684473126811
20.812765499673425
24.36500132073272
21.75117835741376
25.411844265837143
21.09823938590515
18.121851587718734
17.370918497994897
16.561399898963604
14.189177944206095
13.785845411795076
12.908339133527889
13.94304939400448
16.629931345994944
19.591376542572803
16.90676042342539
16.841496317545875
10.843678521017175
11.371621903524222
10.689370518411264
9.325264412653159
11.801045727029619
10.79328242423746
9.966456184490163
8.568343824501707
8.55725158535031
7.869600969611753
7.505215238224847
6.9425396467135085
7.1559941851470805
6.073401439208219
6.749249638925391
5.846856603896695
6.265134224047556
7.363855943749113
7.9780437760873
5.770984888382715
5.768566107749653
5.202328376598447
8.952035939926294
3.121841230520356
3.6876695942194098
2.9216936901446875
2.741770000506247
3.339416863122786
2.405076292151346
2.740556981363536
3.2269755701090252
3.9758538954223344
4.78654453943849
4.460670715804467
3.808440952794764
2.9771179463800514
2.9723787918983553
2.889044861326908
3.8044407933272795
3.0359374973325832
2.669097586699599
2.7261654331808804
2.041191864885527
1.9957310471106264
1.4706666050685162
1.9357370111580636
2.17069718206088
2.3385426885777405
1.1002032979090812
1.9755131492112747
2.1564687838481005
2.4925610522607706
1.9621919745793552
2.1580379573292
2.2160924216287734
2.4070443772609718
2.858001464362009
2.390009834539972
2.314608245913875
2.5110735539010856
2.3000779863179006
1.4778082167844158
1.2944237943947159
1.02466690822574
1.1980213032741718
2.0656054946969395
1.7625581041490834
2.6259657317062657
2.9145465560094657
2.265053783565401
2.7271938766516524
2.3938079185829846
2.4613292788506214
2.6199963308366945
3.0303226901781373
5.164901015077902
3.5307158959241853
4.155687164118391
2.292056213600957
2.7299972711469724
2.607003460174321
2.675871655310967
1.1710002715692007
2.0613697831382534
1.5820372067246136
2.162294540021863
1.5207089624469556
1.079354537711932
1.189765084821626
2.0744803171646335
2.1379206109431537
2.4951619612876708
1.5511985966471222
0.0
1.0
2.119253527537551
2.08284023668639
2.7646285338593026
2.218329177660788
2.5993892238434593
2.6248691516771943
1.8030278977079282
2.1464170811541194
2.463926061119256
1.5895568288832158
2.4520886214395947
2.454232591788353
2.5540092673594588
0.9993109860320767
2.073563693357093
2.147348994132571
2.399943715656588
2.6038890651292794
2.046409450908993
2.4541563504262873
5.877728701473769
2.896569677291418
2.69609817104748
3.1343469430407565
3.3698730062786453
2.609349682169548
39.218309479591824
38.95785261432921
41.41936113806789
34.20568180023456
39.58263833086185
41.77353504266231
44.78744660354749
49.35179586322082
50.39314218624124
46.64771518374443
39.984460953049776
34.67541319135283
28.91470567646996
29.737567667392046
34.24769188085005
33.05707563952086
37.43483132103101
36.116405052250755
35.90379187837358
29.943325313933336
26.828820581650294
29.23963577515426
26.47750982934516
28.411276877805317
24.993321214579296
29.482486186159772
28.592276592080765
24.7564464496221
27.196559760201332
29.58083735268715
30.253335744391666
31.211726510343457
29.664281098186137
30.81663064184917
34.899401252229
30.1404357497295
35.300523831546904
30.97070548011391
28.285875933230795
29.893655846307432
33.27472039699303
35.03073916938525
30.927270763250895
32.01546219670047
27.602367359931062
27.997729008972026
29.14999849092468
32.18521773648887
39.84787864990269
40.22439660129716
23.07455065921257
22.312161329940107
17.438875184012932
19.660474022613244
16.0058946219111
12.073291156915273
12.192008040464147
16.020120253749862
18.795629859200815
19.157000141425666
20.468913258965806
21.10309319678833
20.15682597748262
15.948479598806253
17.69216137004242
12.89604718677267
14.560362373950685
11.740105242842311
11.926239913691079
11.62550388454662
13.20643117299519
16.099089442746465
16.1219787845881
15.537584393974866
16.31085772166006
15.682775198861222
18.740215881054727
19.81567600444142
18.9594100397106
21.006177055028793
21.615367707345364
23.85884969853898
23.894963159524462
23.18530990801175
22.495144960569917
23.215813445343855
23.339631510482825
23.693389321743727
24.565908800933823
23.83667274619718
25.279197964613527
23.29477072769495
22.468303187221
21.354486825277256
18.155502028703424
17.31769240794351
14.455344950674712
11.149951072348381
9.298670692128432
13.512727270094405
31.66527646712502
32.003668920100544
30.30198763213662
29.349200392791037
28.590650807676894
30.09440785271974
29.65208874173256
27.223311227115595
27.366837114193007
28.598028394947278
25.744667354207916
24.42073694661135
23.22402125950352
21.19189227049613
23.68101892137391
22.15959349358619
19.91009455397286
24.05828830597458
23.665785551451954
22.983637864737208
24.549626507562948
27.280388876794763
28.333992584872657
28.90311886465873
29.06538369108644
31.50674675228733
31.946302731310894
32.280413474768686
31.990598515270854
32.12111092145951
31.721507125114822
31.705463354971695
32.465137919489905
32.611389870480025
30.35564908429695
30.76651232539174
29.554156033226114
28.21388347905458
27.844610009472063
30.033121340114192
39.49527986073596
35.88916805587459
40.50701776325437
44.35747158770687
45.226556790842615
47.10728302821333
46.876664164034075
48.29818606888753
48.7338352669387
46.80498428228682
42.06071078269558
38.040957413744216
43.4681275132555
43.88581561459274
42.78048911598811
40.51613952537467
42.07201148171002
46.93710859214836
40.52766473102169
42.32197965519106
37.7209563530078
37.88035554540807
40.8596204813303
38.62146117433031
35.85841144798826
36.549161092844656
34.286308578027494
35.879364300649456
33.667270395467554
34.34797601968087
31.050279945347942
32.267801536550756
31.462052581276883
32.47537639349586
32.839290982328436
32.50458881686731
33.440955355414744
33.99575213923922
33.72633694385829
33.799362549268615
32.79786009492247
33.55766651615127
31.81685270065121
32.32101843441089
32.125972869381904
30.115187268559353
30.085955248755518
29.97422629833457
29.029182967029424
29.10045159161789
26.080422140351224
26.61574930131293
26.450392206324775
25.80307679245201
26.850478601006564
29.72782848084221
30.62488267271685
35.81020726429992
32.83549520819731
33.240194131612256
5.202328376598447
5.595249699022133
0.9980369250472463
2.1166801748457305
0.9963895687344684
2.1145206909218337
2.1799966707176917
2.460898605013375
1.4890779075519904
2.1265789285709107
2.132250034431082
2.253281420378085
0.9888942906274838
1.9888942906274838
2.0213448683448716
2.764968977737143
1.6736503969086582
2.5794367237472926
1.9479945445469653
0.0
1.0
2.0
1.7690972222222223
2.714055361461972
3.0918280358346357
2.6755562134114683
2.233749889508791
2.643025037886793
2.6103469894861675
2.582576508324941
2.3154533291258956
2.6863327715709007
2.495356275717947
2.1120152146602558
0.9989247342994149
2.0732775809625297
1.2795636339196879
1.0219018845475298
1.0964648540449184
2.0629116414610236
0.9903701729110119
0.0
1.0
0.96875
1.0915687759034356
0.0
1.0
2.119253527537551
2.208842962375145
2.3913719929724166
2.503747810114262
2.531797142457522
1.796900123534884
1.1963312039098557
0.9999655226947619
1.9999655226947621
0.9912524874280344
0.9677249008704731
1.0890651759320336
0.9837228938707443
1.3942739218573887
0.0
1.0
2.119253527537551
2.0828402366863905
2.510948662659022
0.9877591670439113
2.1032072831526922
1.6059802914724823
2.669837939562671
1.967212973140481
1.9753585439912134
2.4884732133535885
2.5307323830672006
1.5994179836857425
0.0
1.0
2.0
1.4521690981849307
2.3401730446975137
0.9835363460346616
2.097671678006293
1.5882427757721755
2.4055461150915347
2.4751726581714864
2.4330964403788906
3.009936734863718
5.218239612767727
3.6488283697819774
4.146717080239709
5.575447679311034
4.517154125533016
3.0146479939936555
1.6249886476324393
0.7226506207845332
0.5526578727001202
0.5349073717662863
0.10135435353448309
0.09885134060180242
0.3910179683024024
26.326895262741086
27.428897133813184
27.57370283015916
27.467156284461836
24.91628805386405
23.80972604681539
22.98298194447643
22.466600641151302
23.526432334647794
26.73633404527291
27.129633983090432
26.144838194594403
25.114832825953947
25.462242565920874
25.823406387796293
23.26651542030689
23.664411335434938
23.516967561948313
18.746127247743217
15.971074003862702
19.792914504228786
21.008483825726554
21.42055103110061
21.503417505557316
23.72918533974293
23.050676079981226
24.031447210155235
23.71536808520115
21.735611671963905
20.361609926816254
19.514430911477827
22.4936507739381
20.812142170765714
22.278655541689297
21.841850543084078
22.708923793386724
19.049376952761296
18.588808796809637
16.553150061315918
12.642773772039932
18.303466619414486
19.025482774857526
20.616142506709437
21.141227876434574
20.712832568145664
20.405458191919145
21.696587361928785
21.253692326458207
20.97512078366584
19.805683487906318
19.11787352117212
18.941722743352354
19.93710883625419
19.749270557930274
21.35577442739545
22.414409049501394
23.48437989459958
24.407007410526802
26.0847172252603
24.812483500873867
25.303848663163276
27.319735923541433
25.09984439161186
24.91407573412683
26.193195160256842
27.560463478437995
28.981959568425587
29.428018025409177
27.51645820614107
29.040492102076193
28.38913909870543
27.45817102198457
27.05145394900105
24.624583341004097
23.32793150513921
23.004800553745387
24.445712399448738
23.023644137573402
24.304245466577854
20.40809804636924
22.384171197435357
21.81614707883042
21.395935893657974
21.126372719176572
19.903502299085726
20.519764815629088
18.471720743788463
16.962372848626064
18.262167809184128
28.843695599798995
35.08944326681485
32.206635493149236
39.46877436301466
42.53743523696361
27.58549649318175
32.458579517906905
27.265021012555298
19.97022289364829
15.219258797292728
10.932530189794313
8.820294311997365
9.896046360920648
13.215318261687479
13.060673536355429
10.060176537691094
13.188377114235891
14.74418252010735
10.94089515890273
12.392902295500594
12.85625801118479
11.557944260104302
12.61343978462545
12.982057710158898
13.17170221051316
11.681651574420227
12.713889905667129
9.936818112683927
8.635160542615413
9.733076909955525
11.528259696522555
10.91576927239186
12.159027594087721
12.672204894388795
12.905442564201707
17.072669491007854
18.628339880929264
20.09295427963879
22.284778846345638
22.687094218349653
22.26336303163749
22.669972792555956
23.529295910660046
24.204659917681596
22.96376618276205
23.611434006297127
22.83203365993825
24.35140763817571
22.713432522475546
19.97525477893942
22.25407124603664
23.137855233322565
23.896243242869293
23.617668976560314
23.93026551019999
25.128098464643074
24.965850452825066
24.391979348423238
22.354126512382496
23.335371979927
20.997529636943895
23.12400560609092
24.11013622972431
23.97097016832219
23.073237311356497
23.873233110630963
24.38009813319001
27.168040135985574
30.235691354001982
33.073211237628286
32.065026454509834
29.856877155902847
28.925659642728657
28.21096600330363
26.377647819450143
24.367710622264134
22.886525371904963
19.875601567529873
18.73542485479883
19.798597648770716
13.676932121400707
15.304007328861168
18.61667124317709
21.022018771704072
21.2096625656265
21.41995404513113
20.410908555703454
20.093535206040485
21.83575204811356
20.91249237810503
22.752269020692257
20.42192588990563
21.04615043207129
22.50282070627291
21.003151004118518
22.826053728332784
22.561835199864777
19.53330908313724
20.95071030943474
20.473951562541302
19.071936498970153
22.995207647093387
23.089071761788787
18.734071716575677
14.124343840760043
15.660483867033177
10.625829961801664
7.443055360050799
9.741040333292256
12.516840032221484
13.024375160689113
25.549325758525324
30.673070034022142
32.5652958728708
36.68466483879409
36.21587018212158
37.492186719505575
39.00062457155571
31.06445775248825
26.1109556123908
26.53598307867551
26.547714281413274
26.357205979012065
26.315607445465435
26.127037618173194
21.868592791349755
22.674118019274722
22.286861780074055
19.821319372473575
20.99693927259424
20.799627369013375
16.40037308976294
14.268248736871678
6.689981064026518
6.064637442126035
5.4231037259399715
7.269165103870131
5.807773168171445
6.529386221040135
6.73973774954492
8.208270595796682
7.564565340206172
7.314161740739377
9.52555577472507
10.786694205324235
12.683062779021991
15.225160493086662
12.614158303655332
12.73850369436628
14.6369536392615
17.03071509699774
18.17536826115332
17.90078640679337
19.932868927471013
20.941692838558943
21.758187737992845
20.959467880581737
19.996623268032867
17.572999088081517
19.041491012887352
22.119661853725997
21.689879386505464
20.76161811351206
16.06883537928457
16.287506503578516
13.966051974367451
13.064631847960705
17.8612642744608
19.47867574794717
20.46629859187428
20.981687259688112
20.29209241827194
21.1327764354681
21.556790247143187
20.613170888481108
21.864700730074528
20.696350445696552
19.254581785924426
15.796498420661761
13.672668709304611
10.372876792699312
7.029468528177733
8.614376351912625
6.279129688666896
5.682514854620645
5.119914510634115
5.025157304178155
5.8262500291422015
5.292231591760187
4.863656316517355
6.4566745792078315
7.746186857807855
5.455882574252922
1.05257880387078
2.1394563651801826
3.271676586102006
2.4255644664378226
2.5283541134537133
2.6341816309396227
3.581265800984231
4.136474025741226
6.23710028474634
7.305843377014364
7.986952798726912
6.457679321955846
4.637531105205363
4.95794796376432
3.799257823927637
5.512374829509129
5.988134407771587
5.457918184268639
37.705750676097246
40.58083740127378
41.957141470290324
42.82970054015915
42.392499038806186
43.29973750077142
43.71066332872738
43.48868480171414
45.38625492909433
43.03035826040818
29.486370057732792
17.381472902686895
15.671410076308003
15.83427294380821
15.622031630416316
15.678355140269879
14.560450496838063
15.98771008657525
14.738450302500528
16.44584265336005
16.825147019079527
16.328148261563737
16.767434920593026
16.989070762414876
16.345708804547357
16.64461454339681
17.100069176827674
16.602137670318534
16.600531377597118
17.455194363687816
17.270290045750908
16.312957853653163
16.54917824042327
16.42719661153822
16.69731882639377
16.689221786266888
16.829228146201093
16.53292985056172
16.79175084954804
16.826392073711432
16.10706643663106
15.456355191651452
14.258456633584132
14.553417072053056
14.9641025349567
14.440261827243098
14.469078098171803
15.165452343770816
14.976117074638854
12.367102081187015
13.978536108051394
11.71171443760456
12.340622599051278
13.989290243818795
12.176119438415157
9.635139023772231
8.223819788782263
9.018643830244757
10.65890619464334
10.048584800775224
8.280372547162214
7.76644809799854
10.270198383035197
13.147106706476954
13.701985207641187
11.170482607705482
11.89053843095079
13.734098778627494
16.114654380883803
16.977779616989864
15.024713862065838
11.024041151303388
7.993819563277893
5.1947838692074075
3.684106248624876
1.960938228203396
2.1518767209122083
3.199206300952436
3.879192646231295
4.8143775760724195
2.5374515579037413
3.7351730493379947
4.2828247055014
1.0182737917651776
2.020853337645647
2.4913173306460656
3.5120091204154877
6.391148199648666
5.913522578000429
5.175016637397926
6.0476854158737146
6.3530653185685635
6.6692723993672365
8.12518106250946
8.824441253173248
12.230626939736464
12.92030983807112
14.90986898329986
12.139931380992497
12.43899256492952
15.911899728779659
21.749022307347946
14.086835068493919
9.544339361838329
13.591799920605984
17.36284253105516
21.10445189493733
21.64180578249855
21.439996530145738
25.253669450631556
30.488205823990278
29.647377697059987
19.671122928705135
19.578013734196933
23.589861045741433
24.938584615089876
28.34629766178427
22.719858363833534
21.73116374772194
18.904036830929208
16.136604123208116
16.608686917834902
18.383942293913773
16.788304138261008
14.64818441157783
12.349819338416955
11.31163473794094
11.51761353076267
11.730697942279182
11.346933078309743
9.25460817962301
9.60332973520539
11.769948719825607
14.791661767912547
11.770496120317969
9.633656842740617
8.214483614992488
8.684281316960028
8.302894486019968
8.396622882804564
8.421262850438524
8.342645046673827
8.673007373438187
7.47700428968232
6.901326601595529
7.0891264886248475
7.274106423177189
9.262657335367882
11.423605600792392
10.024391800162443
8.584959098890216
9.084210675778579
9.028223933251295
7.504729111193574
10.636888844236255
8.232704133656691
7.350325462164349
8.067900409746416
7.097209867859941
9.564113877020448
13.668006568618091
10.380558484429892
14.367671690977291
14.384662280182669
13.341913041471367
14.65482480951061
13.85761657706627
13.603094813754428
13.586656729561117
13.609259068813275
18.17880943086742
19.186991589793802
19.637349195190623
17.657341464912474
14.44137510759214
12.770631398968545
8.623033086568775
8.907007542144594
8.515309947785877
6.19818140148045
3.4317120370297594
3.4486126390173966
3.237846372488038
3.7882789133154815
3.2198206912617637
2.70006760337159
2.6169934728906337
3.0337829125584306
4.239299425188963
3.779118369477573
5.098656447391437
6.749879137501017
10.003249135561857
12.731343932277722
13.367899668076227
13.362078868475429
13.732882181538738
14.835259975275466
16.977037588448646
18.38601598692965
32.81313218188308
31.13555475904048
31.032738784535766
29.69619598760093
29.65586185239707
28.015378436959992
29.94462179652571
28.99133848116395
26.91172853187181
29.401943560846398
25.06042052150966
24.68244984879269
25.328923192587013
24.69972562521995
24.403212409535797
22.774490686467864
22.442776005519452
22.043635755065836
22.380786919068445
20.97274501820197
22.832383092832544
22.79288733597612
22.56071801479892
21.51237246308733
21.41326328270285
21.493386994692305
20.40580082497541
21.442851055392154
19.898979833158837
19.88757442890866
19.553888562379793
19.645926931828377
23.071887451085217
23.1905341759554
24.21623627744672
21.456068851092333
20.009963577890264
20.194722996984414
19.89173886186426
20.90745434085467
20.106522521629305
18.840314920055246
18.19965369140614
17.79330939508762
17.52626550814895
17.61320842849951
17.55651017437447
16.919901891057012
14.736817411419487
14.098045122243317
14.218297143522399
14.427346510252015
13.65459322098631
13.526870085958752
13.377547521025294
14.502604620291182
14.520182635846018
12.065035978044962
11.62037213535644
11.969944161418567
11.34386106612025
11.686843828050348
11.808429451929111
11.963342398575447
12.08976420200377
12.094912373411432
12.206999507153933
12.250134459178762
12.402834534696725
12.479155158352956
12.039411534324667
11.67018727199821
11.02548521222164
10.139407684205173
10.681418647576919
11.096081684124044
11.712764304238815
9.698659507383757
9.820083100680138
9.845177286761992
10.06299830507813
9.937017180373463
9.851345558120823
9.173127171618061
9.045113419089526
8.522782314711662
8.98770840845032
9.151849963128477
8.819428187096142
9.132025194329126
8.890059446169126
9.20065769457382
9.439854996185709
9.658859567108603
9.806220989157282
10.181792438542939
9.99197025431544
9.721435546777368
9.175553107489295
9.76317567493363
20.467108613286538
25.51092564963652
25.3423121109647
22.92644621709178
23.89412049853066
27.695034200919654
29.741319685321997
31.827083706526402
35.83307418481782
37.23408295848483
33.660297345395115
36.2570996190195
31.29440141402881
27.472134505941625
25.575288690658088
26.068517922870328
28.300672280050616
28.224774303858418
26.380849356710865
25.44026361885295
25.24174682206957
26.799504701252495
26.30606739622527
29.065253138215127
26.623386348725912
23.66023638607578
24.712039447872044
29.220283059592667
26.720981268818118
26.446348221194093
26.18714080833907
22.905413672331157
24.606456249702294
22.026906052336034
21.93948417199697
23.558643380872475
21.329082736380297
21.092324785427476
20.52003169975967
19.064858651220277
18.62275146435198
18.230489891422458
18.16250056491704
17.590425110311173
17.229777935954175
17.284342340723683
17.26737575357276
16.650105484616585
16.59455520967241
15.900318484082497
15.614931690359285
15.65000009068305
16.27642352799279
17.987992008617567
18.932536998459963
19.28317394886461
18.992527864842398
25.831628169142782
27.22049791662843
26.079153289399134
26.87673454889183
16.13970678691135
16.427138511930576
16.570149471864102
15.903804789526378
16.357167860185548
15.86832349297966
15.325073580597449
15.858255680730524
15.66196396913988
16.126039072877173
16.01114605504805
16.446325893213732
16.410781087167734
17.00121071250579
17.02543677980629
17.54440755956931
17.54332754178448
17.659739082904863
17.850691774960815
17.666126453760345
17.7691577457955
17.95422368464689
16.305216198926274
11.881495515491093
9.552122411289458
10.144341181898149
7.586854893692424
7.747647243552372
8.742081277529353
9.215228906245645
7.973590872543521
4.914596329683628
6.1726999423386735
7.793834221039406
10.01909581865851
11.61208551375246
14.134009745790848
15.903200939016418
16.064454859915035
6.0039480519480515
6.5862044721149395
8.226572820110578
10.091056040979357
10.9519324305047
15.050518703922718
16.929454464681374
18.385995222758414
18.475445983927795
20.440159502065566
22.881497152588928
22.660182608946787
23.363752618651947
24.610672561126997
25.300656478774783
25.864776181891383
25.5805321763976
23.13538197454306
22.404256483050723
22.462569279813394
20.2446609932134
20.229324969648417
19.979266597048852
20.302316100659702
19.61691848846373
19.99485140360961
16.880802390049745
15.192723395904387
19.369783160359667
25.920369305075877
23.214871521577056
26.411715866256937
27.68409072834937
31.785747031110645
34.70277533730893
30.61119613443992
34.9569064092117
34.43816852279014
30.709555562060213
35.66056518249172
36.09139567246172
36.276063899601645
36.74019813991565
37.822908474385784
36.29448551964863
36.50232116649049
36.84039087833455
36.29805892202761
36.573416738101656
25.58089080031964
23.479148454447838
23.267215196675572
19.982592954577857
21.930072907993683
19.423331756881925
19.273146497657013
19.70392228979706
22.925300136513055
20.338974337967585
24.083311935473652
20.093429118452406
21.687968964213564
19.66786996064041
21.36668740379506
21.653644315871443
21.18233299157983
26.866308478441752
26.969197109025306
27.779386527123037
28.362888697712332
30.691135667192775
26.81873122284223
27.559208630555972
26.252110600890806
25.62211115662884
23.126065600577512
25.57201005208121
26.112860338423705
22.88625862269321
22.892160143341616
22.283450044786736
24.529966734429866
21.7893067606511
21.672284764606708
18.764671648605795
21.02636660880042
18.495189378207563
20.69632682242403
26.088687960149365
26.593466278360488
27.60642912119473
27.95811146528085
27.320102830067878
27.07155282971594
26.565526753258386
26.21841126085466
26.61376661894437
27.922139470306234
28.126373653859932
28.31126540115126
39.218309479591824
39.94350200669867
40.81141411391831
41.511110212754474
42.254748128458765
44.6674102297265
44.884297314930215
48.22762490710903
49.82076785361337
48.41862775092995
49.490622409204065
50.423561740966335
49.461866204334385
49.95295928626723
50.70679383679125
52.449481654856186
52.55761561796008
52.16037240364965
50.682674430256064
50.848281519135305
49.35044330507029
51.219551632390754
51.98137500311453
40.88791191068205
28.84232830766145
28.154258429069486
27.835123720747635
28.335319092745323
28.202992327061104
31.53407414989386
30.314184697187972
25.608734889477446
25.573238064067066
24.42086311187348
22.17531201117135
23.276649695669363
23.471404115570547
23.647821389935594
22.452510175151843
23.62435892330938
22.814106092912954
22.256491405993962
22.19299034377826
21.85705712195175
21.932554109912942
22.274840638848072
22.463299446345562
22.288295024889965
22.42713071159069
22.486113103211597
22.525678209337283
19.529065363603745
18.294629619380675
18.699098551809225
16.778453287027446
16.76114124833889
15.946306552937589
16.590914522677267
16.135474608458324
15.719510993634307
16.315554563875157
17.10574943690874
21.5533733653241
21.432809729279025
17.272177679465198
21.089732158866273
15.646746149447793
13.959940988680582
13.98255328588405
13.96379424631476
13.798133206137274
16.454601464120024
22.36890941946136
25.02119487288503
28.242549738667606
31.776259448557145
34.817834940170826
35.2885563763264
30.814121075059226
31.391512836559617
29.530137414621098
27.631062867788412
28.228008002770775
31.148885956590057
31.895997001481852
35.93203264416789
38.031456264267845
21.214983787571065
21.408599341150023
15.958273323104198
15.665974294590704
14.477330884306152
14.045614655425357
14.007229610996204
13.192327078334582
13.166524635249514
12.903920916457649
12.870476291028591
13.425628536103819
12.674514299780236
36.97360756700148
33.88420287008337
37.54513752798262
36.099210395915996
36.74161584982711
36.61639651802397
35.562229536098826
33.75357178727159
33.45188655954045
34.261306113776484
33.704317873936
34.23581778588498
33.15433794425323
33.00334322981588
32.938821724004505
29.052166714883118
28.81103696069605
28.767455087613584
30.056988112083793
29.98386644440951
30.001520099446065
26.849660715409776
24.7377529135056
24.526419203062144
23.76853470192912
24.703212470496428
24.692404882294696
24.294636799138726
24.019289864940333
23.974609936737927
23.85142433360826
22.670094783488416
24.007854613058544
43.34031896231028
34.1111740856345
38.45817072873917
43.394513504424225
41.58050101379454
43.22013492032648
47.02286251395808
46.08873926483636
41.68858096824189
44.829749056289785
41.921571933824225
46.87777371374998
49.31628820343599
50.666109838789716
49.909354776074565
49.01516051925005
47.49272782571112
49.32228586975306
45.324602025474654
45.35385818105598
42.43159137859369
38.946791946188846
34.3764205674346
31.389055149981328
32.96181477073926
33.12349897723054
25.167739859990093
23.952935978081968
15.6688291694145
16.601568304239706
16.36787153614048
12.153999668084417
12.578172876728049
12.787247269637719
11.224775523543743
10.37692562628622
6.705222038418668
7.135760893338222
8.246746025975007
9.985824014772168
10.826549478351483
12.579931375986247
13.135270998849846
15.04243159393771
12.300254169242185
12.725012649896774
12.492167495806463
14.230021992284561
14.457935583016985
16.344563771577494
15.870823239508868
16.653121306183863
13.882537381818397
16.40526887567059
13.817827063300324
16.19644951146392
15.74418129416905
15.067196957587436
18.224601048134158
18.232006759618702
15.105220587134877
17.19662203012355
15.12518864425595
12.62833125740344
9.542580230645713
15.578555840615024
16.61198147942851
34.237230269700554
31.36142644710606
31.626973193254976
31.458045012587924
29.549216671083105
28.04251926862571
25.490027159884605
26.037741309571043
27.170239644295187
25.244594277162154
23.76214555811497
22.818230136498748
22.086820138221192
19.83057333965668
20.91646208957637
20.778209657760016
23.06227527604757
23.030393632746414
23.685599983906414
22.926338982514892
23.883143592825537
24.03070891694105
21.708970869363416
21.030026503273668
23.744394391296765
22.8821406938605
22.666453343207035
22.466134373071
23.029718102771664
16.978118492678558
17.251390967263216
18.13556388077173
16.85592573439384
19.525859406288344
21.24155589586531
21.024621003334463
20.411725256669357
19.378618257938836
19.53483460683913
18.272954560581997
18.74123763886273
21.35958550424753
23.12019459423434
23.5673645758881
20.07799582186663
18.566734099673226
19.08924265211028
23.687580668649034
22.550671791695425
26.85870490027529
25.549285376739277
25.286747313576345
22.72606653604707
25.797457512164165
25.483275401395822
22.660905365169278
22.563256709947446
19.60581334277401
19.463635382494896
19.532742251859748
16.773468215570905
22.1909644230395
20.750844105757132
21.644934853080283
22.64101568740104
18.035619663283214
17.231046822300026
16.05345824374553
16.090715646982776
17.050203215700712
16.35095776213936
18.37176489483805
17.29073889759695
18.703262974848283
18.887940128729188
20.26522530849009
18.03991013143826
16.593161775675366
17.428447155094588
10.325662623902417
8.896747386424133
7.515471713990889
6.8182271706734054
6.929331731795854
6.196088413969385
6.542310363579582
6.816798412101779
7.114491249215858
6.4036107510262195
7.531504992792455
8.817222071812875
9.529253165943917
9.525963802150017
10.080071464938527
10.120250328949043
10.526438656253406
10.668769297180635
10.686690887955233
10.946360477600903
10.317832595794508
