4.769044740024182
5.337641357027464
5.295531297441881
5.054147103994483
5.042021214685324
4.962832336628999
5.223780777918644
5.0036009953694895
5.277007140939776
5.408406679901214
5.015052036074074
5.3327042282333
5.3051488885690965
5.669264283830072
5.524232606052533
5.797015202263583
5.371298655288346
5.875666833719673
5.612895085317249
5.180705876844182
5.880924691931907
6.066271105111963
6.087508039669222
5.320806115139516
4.215620840916094
4.141246630135962
4.660479016103576
5.48042017240071
4.60601647053738
4.170589021106423
4.487359361938835
3.7830277352087514
4.266891626158459
3.947600627694263
3.9163424559517055
4.066392420168008
4.189256391382901
4.187263047529846
4.423984741705835
4.554920105373524
4.753124348568248
4.835076079878305
4.823716168896023
5.273849291834884
4.7145031197936484
4.533862205652327
4.784889603548855
5.13709594622337
5.2657038849009705
4.8857846591847185
5.263515857462051
5.865281337183382
6.275198697888993
6.795204121913275
7.515185359117295
6.889542647742541
6.2334015827879945
6.987202403260364
6.267990259780943
5.592631406116225
5.425835473666283
5.246789085113121
5.352178005761928
5.315643327861826
5.144120616509376
5.291588223737795
5.275085388282584
5.077227274707644
4.942526892767708
4.409780606056796
4.0082728352524075
4.090788578964661
4.2539305831332825
4.937063168452521
4.5165243708426
5.40748442930366
5.082576248459167
4.411793943425723
4.383423053118185
5.085739527267012
4.7145538229958195
5.5954449473079615
6.34313141748799
5.268618432862324
6.095205212877729
5.467127863820734
4.577454799228308
4.20735272719184
4.439526454181717
4.240919265375413
4.770600018274072
4.141256064167709
4.770956488604246
5.432368521384211
5.106056427157026
4.111128459732386
3.5935312340121124
3.9527823658164833
4.338136307777733
4.132277008263791
5.035194174757283
4.6019512195121965
4.272461409708017
4.597938205986027
5.350265098341291
5.470695090137363
5.6129927522724135
6.228272154995555
5.292872132280538
4.566697928634781
4.4523595145832475
4.704139388011442
4.8568046899326776
5.368429316351691
6.098937990629736
5.56376756861854
5.280620805016716
4.729297185814254
4.986188923786193
5.160520253086069
4.4869353080921694
4.826220340205327
4.576898438805824
4.401379492234193
4.6165166295011915
4.575461057007607
5.019122452172691
5.298654307467646
5.913991729239252
6.7722511829889305
5.913245695708701
5.191387490850192
5.01918203290326
5.297377314994429
5.872594783818587
6.586874505868878
7.384986037399053
8.46305603908249
6.868289057738405
7.766863600800831
8.229138550281055
7.989324887978563
8.632433603447119
6.929142912127991
6.246590838832909
5.560170445074919
5.4340755195185375
5.855044658371155
6.688864865712484
7.5561608403742975
8.62360958701303
7.545228729474018
7.4508336744688135
8.628281423040487
7.292884855137886
7.4030361989455145
8.63633147161707
7.635909204926651
7.211538923186559
7.2847741421346655
8.403513743537932
7.932182680108745
8.19851779373657
8.961283566044015
8.928263429840927
7.893498588764298
8.555331756200262
7.621427131395355
7.1290199129069265
8.20328121838976
7.6879879807816005
6.8938643751785
6.360948689486108
7.354513602307129
8.253523860998197
7.570670663260016
7.082993145045314
6.395316528343889
5.441170895899219
4.923618451094781
4.509097965971833
4.29339916553718
4.756214773042277
4.8356266054690975
5.157713474926347
4.85494994838565
5.346081774411734
6.121746823699196
5.392946852263504
5.188133745800427
5.8364084025524905
4.936711258154872
5.724140085862356
6.435888850963376
6.098359245205285
5.1141359329427525
5.207837117663546
5.8201948742765035
5.250535917201276
5.676716623085888
3.6892488954344627
2.9542645241038317
2.353637337115997
2.5829365320414204
1.737559517027663
1.7013181793775765
1.4941969112342566
2.2874344423004676
3.187388230472432
4.268765995309551
3.88200725811395
4.859121661749598
4.175145407252978
3.311918580388767
3.8005523210869403
4.412388664553843
5.232970543482971
4.3893359954481035
3.6873375515900917
4.413911523978038
3.8035508697908056
4.813277388599305
4.275614376193288
4.816230108956649
5.69795825325235
6.651724891227456
5.513568586990457
6.450471290302117
7.2210403429852486
6.382907829394164
7.3573957219010815
8.333531984497
6.799387559417658
8.165033653552719
9.11481700611734
8.923686592429602
8.165215110283285
7.4323009590524345
8.168589132178644
7.890511341910919
6.885489355468216
6.074728904749681
7.442730454153784
8.184844024830532
8.806814596140958
8.496878867770157
7.749304846242092
7.32519602683668
7.5509038999174
8.696673547656223
8.787393926679899
8.432419493420769
7.327042355906945
7.868207364571485
7.108385637570857
7.800031755738968
9.192989473271684
10.191249930334916
9.56772792455967
9.775704124786158
10.507918869293487
12.287631598647724
12.29370497578551
10.25763625232353
9.341584809883543
10.357186948162033
9.773905453265169
10.868983720556816
11.730885948512913
12.722052854725307
13.848230413681867
13.366895533999086
14.266929649683915
14.168561744996593
13.345337475338967
12.454429186052133
11.872032649544549
12.650393320688467
13.450364639321752
13.883879503708117
12.957707639340422
12.156709387207155
11.439934413153422
11.046478800979624
10.055383954288114
9.378798775598009
8.368816591027398
9.05687935973693
8.348464451060506
9.177578465802918
8.12281384846456
6.893708723299631
5.0723960584036005
5.015088069964966
5.857420826835492
4.830058656336514
4.852005153720848
5.505587811912566
4.72986574874425
3.8514747875869277
3.818851251840942
2.9524103831891217
3.2880136917882554
3.9545160024942607
4.628080639089775
4.234573175425029
4.84518503185751
5.558854897903708
6.300602010218567
5.629582726375437
6.464327920075256
5.705694828531379
6.489980488231035
5.731874075011586
4.777972045244147
4.331635339124428
3.7862846892108046
4.113645284372689
3.233310797127507
3.0799791470814446
2.6126462757105693
2.8355354305579064
3.418288892805802
4.006298262688478
3.8044194206203596
4.329247600769828
4.160355052717695
4.6173903760399
4.0324840141254485
4.571084973828567
3.934806872411481
4.310270680388227
4.3517298605544
4.391626167223043
4.784935756938103
4.390027729197077
4.138792432799608
3.9863243613315085
4.5941730692785585
5.133511109668843
5.786846568547734
5.181442023395325
4.828928632728872
5.01378696183473
4.615894106065493
4.9257377175393575
4.670393782659836
4.531007941306529
4.787139745162459
5.120381787406105
4.926285645954248
4.419656046392539
4.54248791775241
4.160995925474096
3.5867073069744912
3.052553614497156
2.6730654141197205
3.2347271439899226
3.077871625864575
2.613051838924563
3.101325635311852
3.7096830878980183
3.224749740416369
2.9160842257393873
2.683692734147718
1.6730001194955366
2.002620650330962
2.349004256562887
2.4930782094458186
2.3140326041098467
2.5015718132440488
2.2730970163620703
1.873098696790893
1.367816128817054
1.4488271506889694
1.181451260978301
1.506322843244756
1.6970813994519658
0.9389855691382661
0.9041843034771465
0.012257938747629546
1.0
0.5121095012233692
1.1540998845764199
1.7240277097467291
1.1664749436316684
2.0075097704576925
3.266943032491686
2.241891662607843
3.3404515946458853
2.3727480622649315
0.976506945668942
1.7274590172060693
1.1528211705739277
0.0
1.0
1.076923076923077
1.0891089108910892
1.1245607184693478
1.9466964788612198
5.447015834348358
5.41045883940621
5.001971300930607
4.849175351739104
5.197084821086973
4.871247100934266
4.863797963574106
4.809668092388598
5.043830813150598
4.936749940644115
5.126759317944712
5.3489409800424434
5.927525051513963
6.541527085467847
6.018320706449539
6.487688487866324
6.9769902444421055
6.226071683963419
5.413692422450117
5.436075520959756
5.03007939835297
5.679774173958345
6.080221296857291
5.528045715627844
5.830124240918208
5.460156131917223
5.111083513949499
5.184449288467399
4.600583059066917
4.814555526681706
5.162898369360563
4.27125490754717
4.796344582273248
4.784513678140007
5.008708030776115
4.632762253386444
3.5280614589008343
3.8627564149754954
4.428135513195125
5.006516449978362
3.6388767227129524
4.528167770473498
4.302698271704848
5.092337473979056
4.475314838400278
3.7864774060096176
3.795687712110228
3.376622377886295
1.766964159413027
2.4201429832837684
1.8048033998334212
2.0417239976082677
1.7968532508199975
2.2712635454264674
2.0160893675830023
2.3731897379734583
1.700046020800579
1.7778288447093293
1.599752997224672
2.119392445943615
2.867593806593997
2.9401555645487303
2.302579335320996
2.6854364930836665
2.961788475422849
3.0820139349109548
2.9461860842727927
2.781528324603075
2.852036086561044
2.7555144433682117
2.93021952655706
2.850745740120165
3.5451824471983007
4.219750896330658
3.9120123747931106
4.693836705623562
5.037177709158539
4.17396730039091
3.6111652845159505
4.1344246519351495
3.8899407645159583
3.8948013666599666
3.9435029233742593
3.971578871883284
4.399038533665776
3.7744850659284874
4.2208093376952975
4.973655716507054
5.558253325466104
5.610533139177958
5.204037633492605
5.8500720354758835
5.744801366698338
4.4985585755751565
3.982188337569408
3.947470040111957
4.134560098384345
3.998522788371759
3.7729890490011746
3.815850231820667
5.496314496314499
4.399434044405745
4.668512055837564
5.498477205844579
4.376552358486846
3.787469694401624
3.1159711767338214
3.8916081765841994
2.7556685840374815
2.9914221077351595
2.0377594063985596
3.115753908298529
2.516710406988773
3.2584822197523673
2.864452681397637
2.7591442390306846
2.9426555894398634
3.0003582740124743
3.4585163812879847
3.7430187411928477
2.7090893953359063
3.093217427427046
1.966482191055717
2.9720684925464305
2.072821005147813
1.7456521247754009
1.847744147856776
2.3283645847066627
2.5674365341788654
3.0142534529668796
2.518750079145405
3.3796317623643315
4.210661206011146
3.76342708779189
4.4754280974019185
5.207876773328696
5.991228637725214
5.25567901285603
4.601004338635048
5.381843993382903
4.623122333383064
5.286370018845632
6.322786356397041
5.54309901674318
5.031708366169117
5.542280416313226
4.743608475553601
4.390596368795103
4.868717200453193
5.453909939154727
6.550468319765421
7.468412969236639
6.424538040447628
7.291373495127054
8.352058865268054
7.515118911288183
6.680616897868101
5.67220471128562
4.928566682582376
4.0608478419067815
4.375433659479507
3.258311081722487
4.277070005354258
3.204581695769158
2.732974601770338
2.571709450152133
2.3090917122750767
1.9172524034348126
2.127490955423484
2.4239603802398277
2.9233096888775822
3.7399417764752103
3.2952537215854267
3.300662751780771
3.9080032783576977
3.3420427474055545
2.636804183547171
2.546424142958114
2.7299303695321697
2.6036408450216273
2.809846737213758
3.0903425856327997
2.622211745611272
2.798411805075409
2.90740111389194
2.942386380352152
3.4663177963667122
3.3194426992272534
3.688085933851409
3.15809799867708
2.671301821807715
2.8165280217931956
3.1444670035076268
3.2400288574780904
3.002564992654176
3.424650189814357
3.7613202534737313
4.344345304537387
4.808522649518483
5.4803687004914305
3.4746268656716404
3.723911164556011
4.139375692759353
4.478020065349078
4.828925479309949
4.31213228298828
3.6742966710204907
4.248422270989001
4.917611828336636
4.5193930751206475
4.302729353312342
4.3042365391437105
3.809479697336009
4.057236356581151
4.38327443353586
4.449040359048666
4.379894433076411
4.2082415831739395
4.158851910830906
4.36161327983249
4.141393325413704
4.090939106960502
4.178584537125247
4.619350433795106
5.350168819822425
6.19507504548931
5.584295140239119
4.869159077935835
4.54313640868427
4.156007721735907
3.8403032740907386
4.166789332299649
4.781130023094475
5.1104346549317174
5.75538414784065
6.319130941040458
5.429313761240458
6.165863747694028
5.173592982012122
5.848248154139344
5.314517255692412
4.698830437786471
4.243205792547256
4.247468637896183
4.235310878225268
4.573279677224377
4.908573680107958
5.528705578085292
6.146634813117614
6.649204352339239
5.8974165099853355
5.138171938066608
4.773910138130349
4.652012714031809
4.48470088426648
4.610193270348237
4.898421877135352
5.308710808141087
4.912128384964614
5.136481130228529
4.2997719071891325
4.183558776871103
4.106474661906711
4.231107493890017
3.801702904111396
4.081642592073935
3.987327646301639
3.8125537758249837
4.099940518807743
4.351431721951246
4.0412818470797145
4.43013944512334
4.544013027693422
4.018894539129667
4.46650287389033
4.193397895884044
4.193446240724733
4.372683651795793
4.303410431788999
4.775059457594601
3.6492357621249543
3.8756206930970554
3.0306525300853
3.59402516722011
3.014898852205665
3.299523099046331
2.615838675986645
2.5045508378287447
1.4288384813055583
1.279607252431981
1.4444778116580768
0.08229309401235202
1.008324940219794
1.0785446569144763
0.9444371297231768
1.0788818183479991
1.5128500607759245
1.3420689616207837
1.085225176616326
1.5857190518491215
6.053204353083433
6.008357915437561
5.259665038381019
4.450657947834937
4.237668846804238
4.837514967075272
5.541792237242298
4.844428887108667
4.225751577778361
4.3230124857144645
3.041732489114561
3.222039507439111
3.5388957608471237
3.034605470941983
3.550958068434322
3.4779390042434413
3.3115452589684318
3.6050903031352988
3.2510346046112115
3.15670697878607
3.152117241990714
3.7658463383934615
3.143693316314464
4.049767318340336
4.885943027543306
4.3059151413854115
3.869066220216734
3.4696813315440713
3.3099361461142194
3.1161368152999085
3.104491548949625
3.0496874328830574
3.4578348466858406
3.2739915181832466
3.271084657005383
3.0905674745276337
3.586709278629301
3.295575182016478
3.375734399840048
3.621440342858272
3.087985360685375
3.101019456278662
3.2830255386960605
3.792403841513099
3.418503000016743
2.153621017401963
2.3313476274283795
1.3065657030412834
1.4769819644263786
2.051238134554882
3.048203347819984
4.07675840796937
4.914572474469465
5.713027736879605
6.598383510895622
5.694459338719756
5.097608871451217
4.393423761074057
3.8882404779597146
4.796221700779598
4.142202717971085
4.7494294800650625
5.524732946792672
4.7764562913143855
4.097601967337763
3.507608378156026
3.278930281296224
3.50799337773388
3.4044550753742335
3.4950410840123958
3.625887834646891
3.7532007937819944
3.8618549698104485
3.7040753003576232
4.0479569398851565
4.17163893657018
4.641863178917746
5.186588526554481
4.396143913551953
3.9020650889345667
2.5562874204234083
2.1429919415719705
1.574262559723585
1.6965467992973662
1.8846074076119348
2.0408683920412436
2.5823184547903635
2.680110887954979
2.752389558800452
3.0665592809297273
3.093984761182831
3.281849999483017
3.46465439015758
3.7015005943702928
3.6378331486787383
4.260697296128535
4.852962297661786
4.269289037880067
3.5621441983461177
3.5519507344074244
4.742130750605328
4.1382852627419995
4.141882667856347
4.508417250856477
4.934096951816266
4.895808119213353
4.191307022697893
3.904758242113535
3.9828821253574427
3.180643144627993
3.230038357394849
2.742276372765477
3.323241478909159
2.03526597563019
2.9938066133186996
2.448367146083029
2.9978268103381334
3.9916813483156663
3.2687957626434887
2.5390190395507672
2.342640966408848
2.541977711522299
3.206009670459051
2.294342425204928
2.0623167139361613
2.054062857800905
2.4048751869492415
2.530529025642222
2.897768586377873
3.159243584847398
3.8315652496420594
4.305772821362383
3.8683839152252055
3.6300460563079127
3.3725843381107783
3.450686270854821
3.577871328548583
3.35199644858341
3.000942679166542
3.3905458492917417
2.9798121733039875
3.0480951330056323
3.303746944738913
3.246316500960583
3.407916096546739
3.481846507858612
4.24897620317995
3.729501578268421
3.862813478794268
3.8027245574155883
3.757990416190605
4.636332240450085
4.213748081637503
3.702868991168883
4.275476006058901
3.774903456465884
4.331321879629772
5.017811020974716
4.481484378615451
5.033372635625654
5.569110693119145
6.410433685118303
5.709016488559856
5.05370275296349
4.125473985785421
3.6827597320449783
2.6358742958969725
2.6312166990679704
3.414450888932288
3.1312096040649045
3.0685094272497686
2.849112769722336
2.7364672873681823
2.9533797863507307
2.8101418457715335
3.791875833672167
4.827511060864886
4.0462329350823545
4.96073276406821
4.266802102895842
3.646460955752923
4.335889849671538
3.9375465597812576
3.813253242547844
3.7717508572944407
4.18597099234318
4.737215921659451
4.292568833816891
4.270147018265928
4.539383328717424
3.7916561172707066
4.698506309291413
5.425496150518706
4.3153883359708844
4.889683114228642
5.502291072065894
6.566384404582773
5.811143111345499
4.751877936932454
4.438470456833735
5.553137003841227
4.788638838475497
5.493607349813871
4.794259429132008
4.303710428388044
4.619093059800917
4.407634105517566
5.074013435654112
4.693091877082568
4.680851429954902
4.773456869968533
4.629350985856417
4.1080620876409295
4.255303988322869
4.569311010073437
4.372675658628596
4.2691941158830735
4.1299840019046075
4.432030296938856
4.929296824157338
5.270107135702712
4.361907119273415
3.869117974839579
3.4596459291415
3.349288516092149
3.2015764966194222
3.3084246823160948
3.818017924919829
4.314114028526254
4.7276837762500294
5.171119146582558
5.799656176060124
4.795522395561407
5.607105178573942
4.891509636022926
5.763649765717174
5.406517893802903
6.042679878240479
5.863798852106693
6.6254103226432886
6.3894374380344425
6.369466955541826
5.5743072646449905
5.560752194699734
6.329489267345994
5.2877281144488695
5.7710933990698035
5.541517948247055
5.194314419754167
5.879318250338859
6.286683470778883
7.106434240457486
8.15578313367355
9.238335831217475
10.313561455544004
9.692177829257185
10.60748419927587
9.159299143490944
8.392399899845756
8.914117001127492
8.467425367276297
7.985412010408697
8.869315219285816
9.805753221646835
8.909023347733523
7.882440668439315
7.277132893113994
8.480220701572334
8.997655268673832
9.271172869980452
8.388095855021888
8.465689771299026
7.868023104093248
6.801210353591644
5.8448455658529355
5.477362988622818
6.145862847595854
6.562330363300828
7.0318870429720945
6.410459200855639
6.918854039823156
7.543931692554118
6.945665601572019
6.390974314762571
6.9717760371728925
6.973454660390214
7.940538491875023
7.190316327822491
6.657654441470185
6.403605395869252
7.108911831535193
6.926873444198287
7.558419742592716
6.842866572641473
7.670165312572145
8.7170258607758
7.652587206903121
7.119756791903595
7.651349778384121
7.229278709308789
5.153979238754324
4.187211772630707
3.495637169356262
3.0834120389183926
2.405819595208647
2.5463903455283665
2.095377583825537
2.0619489571066434
3.0230469062287844
2.468166597907046
1.8174380338040517
1.8551093699634351
1.890662597838828
1.288922432766501
1.055769541994029
1.9999733953656196
1.9920231432735922
1.7663553491744322
2.056011665916089
2.2840818796320344
2.305272278612752
2.4269190504350595
2.7472099407559845
3.114814018821736
2.761811921676827
2.9053236965829723
2.696991734363787
2.7297432574229155
2.976304632965498
3.284279339613239
2.9736536227212182
2.688985961985041
3.177160700595029
2.1171016337101283
1.762317844490716
2.460677712003262
3.027013904847749
2.05725437648362
1.8005922202465598
2.5706630111016833
3.1612898553170705
2.2819511655757334
3.0155395180606828
2.4498441316502784
3.0202170809952658
2.1892748655676524
1.7497233070366458
1.8633744765730316
2.306513900170031
2.8650495489174643
2.905561303893235
2.6268360225022462
2.968650646342921
3.0054428323971893
3.230949727966515
3.4660620512442346
3.2143002359674226
3.579882604454001
3.4278812709509694
3.180823490065449
3.438385870997493
3.402717130480858
3.548304967802107
3.3394775959933347
3.549672556912565
3.3334504786359114
2.9884763305910034
3.2879571535541254
3.79419283616605
4.172507071732462
3.8079490783889667
3.6882510389121146
3.715156773070699
4.208256948583272
4.52575660963402
4.118462954941
4.84592009736043
5.6653026637729225
5.319628947658661
5.207033773446473
5.842907288504801
5.272519096638135
6.071031026285196
5.640419563773136
5.160049981531703
5.627334185774853
4.341612085372771
4.122211102955919
4.001724187650889
3.9525217764139438
4.177889219316007
4.665919963269527
4.970152881391584
5.577919692362911
4.935624364640074
5.250064289225943
4.771836716677993
5.437604993851699
5.054550092581944
4.599566456216941
5.190072639225182
4.926713687458673
4.505449912442188
5.101428776939951
4.67106392911458
4.503209357905147
4.834545340866368
5.414993328464193
4.925438329674843
5.475575153943908
6.26571339362525
7.110589278728495
7.07712954082394
8.224282147014527
7.295485585416862
6.643129994881424
7.538537986575415
6.717495460586644
7.944953355623472
8.570371542104846
6.872339562716818
7.854875282291209
6.892031219528709
7.694785623400111
8.425252067339576
8.837247743653041
8.091204624959575
8.9178231170928
10.423078720185375
9.444531474760462
11.201521792191299
10.317841081056441
10.466001504443799
9.587705518976948
9.933794085968652
9.186459651874804
9.856262382046491
9.40370677004255
7.432047500043353
6.855887472391884
6.26312133095132
6.97040505974724
7.251898219048339
7.938233055449074
7.005497730252396
6.507860059459542
6.5481333830669035
7.605112682218056
7.213335335719697
8.110399577952272
7.56169836387967
8.208703546707246
8.140758427226524
8.022846560589366
6.544727614656488
6.533316237189378
7.292014015286627
6.598571934791337
6.616378100069106
6.015463917000146
7.006859515415798
7.810699929877703
8.582129456368557
7.495949344363527
6.691572276070549
5.972466350431888
5.191911694034297
5.755127979875491
5.244558202352788
6.071099310520867
7.031627104192154
6.183277374972097
5.691208784894458
6.021887718965296
6.846065471695669
7.087295763762116
6.1351674394485665
7.320667566946285
5.871710515465794
5.1537600347421595
5.826253775620183
7.053458527331727
6.197015511985117
5.290362098440585
2.877199200555797
2.7097213842570813
3.5120844542093645
4.58088781784705
5.174690580492806
4.735008892662191
5.666980890370027
5.077116981790855
5.898424161336888
5.197709464777928
5.593422598351113
5.0124544520504255
4.521988672164334
5.1508061596755335
4.449005567478191
5.2121633538821746
6.3128621089223635
8.019284064665127
7.679493931626933
7.148081097882743
7.807631424555536
7.4656536104313735
7.929155946034738
7.7961107015413
8.338082139008273
6.925261913490415
6.157643705747409
5.907116209957257
6.597254820474137
7.261627172573829
6.685657746598311
6.2504613157484865
4.925906254361346
4.9327281136336
4.215819133448969
4.837199824476907
4.11549569170857
4.725132094421409
4.362337627287525
3.744333531655535
4.4307077649743425
5.243218275873371
4.404384852003232
4.021043549990718
4.602964234294702
3.8540165454362927
4.071920091866465
4.596472886116689
4.008833302467917
2.826991884468322
2.0487398331562443
1.8457874806258852
2.5946028233082483
1.6255976774397742
1.5813959251306695
1.6023287496447123
1.707090402762592
1.723754317609769
0.9127297328234683
0.03236546748867467
1.0072707666963034
1.3267359439916555
1.1473089252007758
0.011767983052965695
1.0027489946018913
1.3315934940572995
1.040777088072053
1.3299661259668683
1.9655987933584311
2.241604532981425
2.4332996496929393
2.452760790999785
1.6827806273035284
2.1604707167144723
1.5213556264721033
1.2483839059866624
1.5847727894207995
1.6947224972448078
2.744191868859498
1.8933365739354688
1.822638711020359
1.9826400259024373
1.0166512307036055
1.3211667468247585
1.5023637062904858
2.1953245343538677
2.852734143836625
2.7254245189710917
1.0857897469930682
0.012852814082425962
1.0065025022061806
2.0016157177222955
1.7490718796604734
2.069706228456122
1.6932251890201016
2.1073973321519346
1.379621371013175
1.3518935090217625
1.8300515738629963
1.9714792717954457
2.7287927537678143
2.3594119086969223
1.6466639897935078
2.6719856091734395
2.1806983524866865
1.6240796189091316
1.1028958981169086
1.0
1.4684790422831357
2.14936084254001
2.2797657670570843
2.1592305416653845
1.7219941020184324
1.4752611963263287
1.4512555053033096
2.1405869792458443
6.581113801452786
5.985504381630098
5.317383881981577
5.026926238853803
5.476230553726571
5.241829367191461
4.999075634478555
5.019566656495655
5.195759144975428
5.353788011597041
5.196844816870076
5.48939178245522
5.143632183240689
5.060896641671552
5.191836101875826
4.98359018753415
5.199237724796382
5.057456291960748
5.160819455309726
5.064461229380284
5.196137818463884
5.2698798890113725
5.015152226902954
5.126058612350426
5.17945234400793
5.346618302737046
5.301779491034122
5.155116067141881
5.4952262612745
5.738795718147308
5.476694621555605
6.14139047953843
5.6138812913201495
5.553223431950432
5.70021903439634
4.941797709648619
5.181210888776424
4.548451316256353
4.272450465806832
4.5418005908624295
4.481398871172261
4.425193149970872
3.618307160697726
3.080511117834715
3.48815528253213
3.313422628306342
3.819001550187756
3.705544911299212
3.8657621535057687
3.761670395270074
4.3301418653451424
3.7755210206177385
3.9780422224258216
4.387783270963979
4.145261372579227
4.300306293028718
4.104583504319674
4.292265906946837
4.485223035605862
4.397429174454342
4.503498644402232
4.073375076048016
4.118846834163056
4.218747168636853
4.387564744762783
3.952211825145564
3.7775581132602207
3.7980498844999593
3.7905600243907487
3.588328017768199
2.9797860414973854
3.311346636653694
3.2399196569604176
3.6146255050164924
4.149377624097865
4.662438345130154
5.189025147423639
6.082871004687132
7.291716479683197
8.326438253688758
8.286370820909733
9.391930754646985
8.090288242084803
9.015078812962212
8.663713595708028
9.756948061412977
10.734249365577687
10.112099428029708
9.356306793309624
8.33669484293582
7.483145209647455
8.319977086928203
9.090626537875012
8.310365467090367
9.295506540150898
10.460731846660021
10.941003397510293
9.917774125602188
9.244771539311651
8.583618494925558
1.9308510638297873
2.3306162373655033
3.085747392815759
2.5028378968377725
2.9298129343829604
2.2286008437910683
3.242186180638013
2.0419586861292305
2.6324817877870417
3.005550369965716
2.5588517425730672
2.9111171515563345
4.190356095489077
3.468531996123171
4.5214923577672534
3.5514627537101378
2.7443186376803843
3.008339902702131
2.5408778896901705
1.9105332218271185
2.179751685029118
2.368357044472279
3.149427613523177
2.765397494290245
2.4533934277259024
2.156542253098319
2.958921985582121
2.0022248555736173
1.954417836570879
1.9638667047322311
1.2138267559757492
0.0
1.0
2.0
1.7500000000000002
2.021466905187836
1.7982646420824298
2.291650984819973
2.811123551169811
3.8918208853903993
3.164643242441956
3.43942445524624
4.559076243222826
4.034802230243016
4.75381951152467
3.443228004096206
4.542857232260201
5.5340796438638495
6.752994341358331
5.882720017862485
6.890918100392118
6.148095743948872
7.051917499726555
6.258072942135014
7.243459985956042
8.17058140621277
7.379728144073897
6.571251236299535
7.376730329794404
8.12389160224578
7.300337686614874
6.290749834124043
5.348593687055892
6.2393988534599885
5.076999969092385
4.737802069844896
5.654301538135139
4.9973683083731615
5.808575244433242
5.194889352891923
4.672063715128724
5.346237618016379
4.735680134495609
5.401141335785199
4.887657443527556
5.269033670395546
4.190053857901268
3.9095739715740456
3.654252565288822
3.7556676208795103
2.7564257281920796
2.9392268045934813
3.2756871194984325
3.0925938846294807
3.0113732850910613
3.0047308677511597
3.065786469492816
3.4688805557360203
3.9875933979977125
3.9080125670065238
4.042235236034945
4.104254293357234
4.1924231005296
4.246834633580307
4.6717928908775255
4.375047726634596
4.824246619034621
4.436665238644338
4.145254260925846
4.545269490985205
5.035343035343035
4.365472127417519
5.099662049343466
6.04813106335026
5.040056399788797
6.013023561923114
5.208812353261233
6.074130723542096
5.295952887651023
6.125353231958744
5.526782726425267
6.1567247946186034
7.095288802341754
6.1430594049062215
7.101325156401424
6.400789232282838
7.2395529180989655
6.3125964716561835
5.372795412267436
4.892785248248206
3.967527134592073
3.6366270008932458
4.233517703461516
3.9671842841016187
4.40486468291783
4.010082719449
4.6444885512898475
4.100166390595747
3.917429076718583
4.243741905693939
4.64436925577019
4.480976541847728
5.015018178799759
5.189286174188802
5.626342453230969
5.162052630592393
5.682689769936873
6.051104910744849
6.854510939540547
6.282179877107327
6.823065715808916
6.4795799497253475
6.94007727698483
7.638081252813093
8.570389339618433
7.312854309454714
8.139540446445203
7.276544527431451
6.63744844514721
6.006285132294109
5.391161108891885
6.140513984022423
5.300099733744165
6.065407180153998
6.839519241318783
7.830202543582611
6.85588232224588
6.207006960256403
5.493706350287133
5.006721867722012
5.559375712854233
4.971999479007567
5.703854241859493
6.458563869179264
5.72905418398334
6.4176656007866635
5.459690069436705
4.3153442114792355
3.665584331848267
2.8611807834973897
3.1890485295606044
2.676026228132871
2.5180478895411587
1.993674893733578
2.4450873891380853
2.6926520418561126
3.023932360210081
2.4634836218103353
2.684677832212743
2.8641291697037876
2.6836119868601904
2.8786991689632244
3.149282805324392
3.2359599699356023
3.2384612058663276
3.1929653841337293
3.5811135898954842
3.5374345568375594
3.6080246838927446
3.443869786940166
2.9321180910916067
3.4988042279972213
3.4130813933595125
2.6064947795900686
2.0769756818178906
2.0632201280268743
2.6013004199335055
2.6687587409060365
2.6478494860691755
3.2605926987920255
5.432213209733487
5.4781901372648685
4.994978582484433
5.084580101567807
5.63867283119081
5.554207461876111
4.971574608504762
5.272502401449374
4.997542128805107
5.0147792644251385
4.4989310048349775
4.823774571973869
5.346484531793073
5.020540375306069
5.538433208643107
6.021799590881307
7.217730826189806
6.062617797112493
5.12199268146165
5.749103096869365
5.196358471245838
5.684449841147167
5.90264243787787
6.57968776550398
6.823792049661508
7.4000169415653305
6.625822261547562
7.59203998287767
6.696988566266495
7.702820899633964
6.9559626714372165
6.0018101967830315
5.8074009520095675
5.490275770443695
5.137028875457238
5.0633992920032975
5.257026357845717
6.049379106022324
5.751078967262902
5.0049446466991006
5.379842362280815
4.814659712347131
5.681809960030469
5.489882681730007
6.129976726521206
6.937940396691023
7.671632994780931
7.011834442801637
8.006718032743134
8.965266154657757
9.75678261673792
10.089635070933848
8.722195897259937
7.294117965703547
8.286228339099326
7.445990759306419
6.8706575448829
6.656172108837755
7.960978406305131
6.946053433432985
8.013633242852485
7.656026732862346
6.836833061816701
5.836658547140394
5.015267285909572
4.369165994039386
5.0563219382093445
5.911890885700016
7.032945019243105
6.270251596776686
7.283646037626975
6.847017168689742
7.4815229916258215
8.372520330344612
7.619099312464115
6.843703537199182
7.419504666896915
6.608166682402205
7.659167531901099
6.923137862303782
5.801054674998373
6.696400083996078
6.394997876040702
7.027684728702209
5.893785636373882
5.016101754589998
4.485063728544988
4.313676055450261
4.408064212216442
4.416383214404477
4.488578982016129
4.414853418071753
4.512117055816091
4.699132563234881
4.9850808276120375
4.7536034223281
4.640106958585379
4.442375924399705
4.570764105998011
4.444068207990742
5.326881720430108
4.976927979604845
4.960735390676297
5.182889957229336
5.862793851084724
5.619710237598141
5.579379478209538
5.2581679043707945
5.245913202843847
5.1021717359059355
5.254844374202167
5.255362358774012
5.035521847648355
4.820873683982208
4.901122499799999
5.275811849354894
5.16014932584266
4.718803183212623
5.055457980081708
6.30368159265033
5.947130559309956
5.160937086712762
4.9348572639918515
4.445450883133258
4.604326607277133
4.892160307768552
4.68073111352885
4.569971272763869
4.400698480872445
4.568693115594102
4.494008010021165
4.6644206284914125
4.722683064143901
4.956905098383206
4.509158441591113
4.157688127795967
3.7698694594316646
3.9115751992443175
3.8714959776558686
3.91752164617004
4.052363464602316
4.689069568327724
4.275131503947258
4.105263040002312
3.7672990991883424
3.734488311585371
3.7984292629770953
3.84343434632735
4.1564092007843385
4.605180365322021
4.893435987097633
5.5330945883712115
5.184984459510788
5.558194867547552
5.190438308370995
4.9290056649535705
5.066622484695164
5.488079420083023
5.329373555342477
5.226182284742848
5.201032339396262
5.241185148476599
5.165647116195321
5.394863372577381
5.277473324229511
5.285704324345881
5.030524678910707
5.51783212504492
5.516996080054353
5.180522329300965
4.694290770643921
4.496093075572367
4.372916452832947
4.386399137225319
4.484322877650283
4.667437018778513
4.4909785285395
4.28505688425573
3.931933933018262
4.161971552908858
4.35039440014516
4.132623628271683
4.104979452733735
3.656360010112139
3.5570085975633834
3.9661135818430138
4.1117072273023805
3.9251884727797197
3.6311306896862687
3.98964794804664
3.945498445610284
4.319791111433183
4.009461131896634
3.960268630104475
4.151768128738922
4.363068092106495
4.396503880231415
3.8610435382472645
4.249522502014985
3.977848031644149
2.8058252427184467
2.9887667887667884
2.9129814220466606
2.51940880173755
3.0405046478293283
2.6282306668351825
2.4695631097012445
2.865195668752925
2.775489278001402
3.0323096761146258
2.7099389617120715
2.8798077629252785
1.5287804066321786
2.358232666853613
2.248358096030083
2.586358867332948
3.0373553475109207
2.6807276851798587
2.905421478032827
2.8969979698618125
2.9911973226275745
3.3309118582342663
3.3801766651298744
3.6644204106663256
4.12348517305342
3.9258673738140057
4.478083761687809
3.980851639298158
3.8270677903702577
4.072689305691882
4.856309569648404
5.263705951930708
6.235477423889926
5.417241953852397
6.022627080390109
6.389799593983226
4.850990114298291
4.039238991515954
3.643498553191544
3.7919579737874987
3.7623623087654745
3.802799964052657
4.045761600066045
4.517104738623395
4.213876518309429
4.195065654573617
4.416754058464106
4.142233223845627
3.993510626667055
4.216411218372615
4.0334399958945015
3.899739738371968
3.9754200816134064
4.084722760364488
4.050124756574861
4.215778269331244
4.57289435970335
4.786787318489211
5.323084507568624
5.993386106105027
5.1194533254906895
4.717770191569556
5.186121597430425
5.776075695108094
5.379574356955887
5.765716911897533
5.281172825500704
5.8720981997737205
4.821576349650806
4.924528365678574
4.76613334964747
4.26365288928427
4.907969162729347
5.602569024232265
5.165464335343463
5.6426204499828945
5.228711022344156
4.708317005979644
4.413495675066985
4.86070029177172
5.265710286827354
5.889712189540162
5.428899240640997
5.0440199153792635
5.645961397290093
4.948832805793237
5.077640171500461
4.802069705636618
5.038012727166411
4.83679010445
4.744551944184756
4.581988175275268
4.729483578509906
5.19783806170809
4.362603757766028
3.957708911731847
3.1141452980220796
3.326833956217859
4.034387888541198
3.604612936053915
8.767091541135573
9.570416197975252
10.110199726772867
9.325016269568993
8.228673577968202
7.8047102864194775
8.196506845367487
9.273460097417493
9.54804757245379
8.880179065933996
7.925891527742737
7.532614797253837
6.728292706617963
5.941814874815397
6.213979814673472
5.490027850065162
6.206603831963893
5.882622862222682
6.568411485544571
5.853432931101298
6.2317014669997866
5.646287324283393
5.3655597055177084
4.99581782769007
5.371979150719184
5.861037683704224
6.056334397164829
5.731465072587877
6.138838797405824
6.50806944064317
6.692429571005519
7.401787360254939
6.973153283250811
8.013564833575545
6.920697900937502
6.40912632411649
6.773280308629781
5.822592485083845
6.316044290642152
6.203443833379064
6.411248916253455
4.955942705123558
5.215292856099572
4.565591104733672
4.414996482587149
4.99721030791793
4.919891620415405
4.866217083766715
5.5176417797212665
6.270320848965909
5.740496998007713
5.880983522551646
6.097859681245817
5.6985711785414574
6.670938115838157
7.211280747180066
5.872694446250546
5.404031049488223
4.5013683347790705
3.891687164189981
3.768196114886446
3.6077624544172098
3.7166319203901805
3.890844490330547
4.019096034848896
4.213417788186685
3.813115179248463
4.092389918449851
3.964795398454242
4.011299790072295
4.063247742764784
3.9577680964250863
4.026957010388008
3.9582870153749328
4.139469184658757
4.128873942635013
4.238977618758607
4.603570993930557
4.7496128505979645
4.377895464579796
4.880863196584714
4.372743143630118
4.751277478826545
4.9825651324032165
4.201765409804515
4.240266472491001
4.148851920498267
4.038402142258925
4.079787137190523
4.432090704498301
4.335458717767632
4.678214388028915
4.354173086911638
4.76698096538392
4.281548658448301
4.597433263193718
4.33670985502374
4.560274009922156
4.410226489924928
4.282238984959571
