1.7642945290004117
1.362913476804803
2.1614986187326095
1.0343299593892423
0.8657272051127676
1.2015148599022227
1.2263637410676134
1.0585825923862888
2.020015499080701
1.0893276466105302
1.0661849546989282
1.0204462564203747
0.898994127475588
1.0844006089078126
0.8247876210981588
1.0170608973601647
0.0
1.0
2.0
1.0312845303867406
0.41575587856021956
1.0100767645980433
0.08127986888203773
1.001979127410808
1.201657501123871
1.1111629315527134
0.10270616748322484
1.0020905154380495
2.000104715096321
1.0054790222546215
0.4059919254057795
1.001433790307147
2.0063745431957667
1.006286577685495
1.244032380540019
1.0912970789290715
2.0233833985222525
1.003809614038061
0.08000000000000002
1.0054740385103216
0.4059633212933318
1.0040425949017953
1.2000000000000002
0.9846565769571369
0.07999999999999999
0.998847050101902
1.7999999999999998
1.0007077113247285
0.0
1.0
0.39999999999999997
0.995458188618755
0.4
1.0004080247091738
0.4050513461969132
1.0100992120961456
0.0
1.0
1.9999999999999998
1.004541811381245
0.08
1.0000804355729567
0.08023901724797658
0.9991086644099242
0.07999999999999999
1.000907834250877
0.39999999999999997
0.9953798666418185
0.4
1.0004010985655658
0.08121537440304191
1.0008858338980477
0.07999999999999999
1.005381172984474
0.08143420329511197
1.0019124013503315
0.4010194241734717
1.0370763294656655
1.247095060778776
1.1105963198697721
0.4971754654504562
0.9951284949549468
1.0
1.00668968839315
0.08665448887815261
0.9992374512638349
0.07999999999999999
1.0009056499239375
0.07999999999999999
1.0053807810675173
0.08143419791884828
1.0019124146381446
1.9998899677662672
1.037076330922497
1.064704370575378
1.1890769691266716
0.12416467599663636
0.9991160397564136
0.08041392281103536
1.0073488436590248
7.712315153076719
7.551517134794825
6.423731359429276
5.116453706287028
5.224607894408522
4.109586490833819
5.2757831494802385
4.240984910599939
3.2553120390316463
2.420054227049644
1.0401471392100143
0.022349310400774723
1.001572753821426
0.4133357942095813
1.004985868554415
0.1004905392938772
0.9996127175573306
0.10049047528148125
1.003470167791011
0.0910901247249853
0.9994170199237051
0.004641891240609004
1.000310239959014
2.000021639884529
1.0376073833792048
0.000687349371083107
1.0001017020494687
0.08023682555624802
0.9991080216293761
0.40074382775324446
1.0102021933626872
1.7980036809089706
1.5074896738919576
2.366779277796037
1.5946964560354226
1.60657221711514
1.3071513627628653
0.08000000000000002
0.995681749817167
0.0
1.0
0.39999999999999997
1.0100488021295475
0.0
1.0
0.08
1.0053986928104575
0.0
1.0
0.08
1.001980934056323
0.08023922287569525
1.007420852669941
1.4012888426736316
1.0299505455554918
0.0
1.0
0.0
1.0
1.4000000000000001
1.0312845303867406
0.41575587856021956
0.9957294432809395
0.39999999999999997
1.0104206501974164
1.2081945630200812
1.0140143538882564
0.0
1.0
0.08
1.0008927164837473
0.0
1.0
1.2000000000000002
1.0142497904442582
0.08
1.0394589554240272
0.0
1.0
0.39999999999999997
1.0369934640522878
0.08727569958308615
1.0067236789139673
2.001751754209036
0.9960904160529461
0.0
1.0
1.8
1.000809671694765
0.08121645799602413
1.00198726590459
0.08024377161255232
1.0019816676827493
1.00234522276521
1.024731323646483
2.000989252945859
1.0078493524857937
0.4059312491463093
1.0281178125594561
0.08742300778584032
6.1817485616917
6.110838775461284
6.637670125186486
6.659339035173209
6.986860063624669
7.951055178858293
7.062538417807545
7.973368775167127
7.11348827850235
6.099763343163577
5.3575690010010755
4.910622984315242
4.334034635585395
4.130136744043129
4.232436478648382
3.7663720100795133
3.2191956692264103
2.721537745247629
2.3312210469308705
2.033383864945209
1.9013424155838126
1.3582718297880232
1.263450566066623
0.8868191480406161
0.39508896352862344
0.08096732788671787
1.012490575122435
0.00021591128982474054
1.0000306186140961
0.40009544997622537
1.0100589231474726
0.40514800358132785
0.9955500278356005
0.0801428890687304
1.0009677907221128
0.00015598227042645064
1.0000233991654917
2.280779834592401e-05
1.0000092531640858
0.08001199412818798
0.9991076151071725
0.0800119944667276
1.0360384365636595
2.9226577634776997e-06
1.0000001998252401
5.959043393173256e-07
1.0000000394589201
0.08000028613100679
0.9991072916335719
0.40000035097693365
1.000730764307862
1.2155616203732852e-07
1.000000003025126
0.08000011135263241
1.0391093347527462
2.7132420329728862e-08
1.0000000039666996
0.0800000093459502
1.0008927167328052
3.968294133931905e-09
1.0000000005944998
5.801788344607753e-10
1.000000000014716
0.0
1.0
2.0
0.9857502095557418
1.9914501257334454
0.9818958117029541
1.9891374870217726
0.9975369636650785
0.0
1.0
1.8
1.1663518299881936
0.12284245573464468
0.9977145828187944
0.0
1.0
0.0
1.0
0.39999999999999997
1.0100488021295475
1.7989896563815733
1.010057769054654
0.0
1.0
0.39999999999999997
1.000809671694765
0.08121645799602413
1.0001968185718004
0.40101519947560715
1.0045216456864623
0.0
1.0
0.0
1.0
0.08
1.001980934056323
1.7998009062913556
0.3619184152222077
1.0679051634974936
0.24115057005197166
1.0144347803825127
1.3164092042099673
0.9960053746604312
0.6151153234382606
1.004987187947204
0.18104161465265275
1.0043262507339878
0.5757945940486285
1.0739453282294753
0.21148800637452322
1.01010566006862
0.15044388654902047
1.005376934048967
0.016632130238559042
1.0011206089028544
1.3916441436030451
1.0144738318420474
2.0142703675230442
1.7962506784784247
1.672305784267306
0.9490897608664948
0.410444659091229
1.0005148102495358
0.4196050184268108
1.0051888877206738
0.43633200338502803
1.1951983493504952
0.5926180637557829
0.9919865035641537
0.13651022322840103
1.0045198853363335
0.43774014076501666
1.0057139427060922
0.024927143091150905
1.0037895900401512
0.08871933344378614
1.0067806930716587
0.08472450768607585
0.9992925860331814
0.4040297639407933
1.0105298265958425
0.08450721806203577
1.0022249754265247
0.4031560446666503
1.0010928137938033
0.40719921371210227
0.9955992886670809
0.08842098321478876
1.0011863976564481
0.08842095005664637
1.0026000995697744
0.0018878206105338064
1.0000469553664169
1.3981373856516124
1.0815183902395908
0.10432798178686471
1.0010146438230545
0.08123403715939014
1.0002707289247863
0.0
1.0
0.08
1.001980934056323
0.40099626546229516
1.027124214353544
2.1395432304646915
1.0404269854524626
0.44428092131732855
1.0064967079589553
0.08140869932928185
1.0003104376583485
0.08024478774698604
1.0019793997811852
0.08024014597630204
1.0019820182609431
1.201630802693913
1.031260643607101
0.08382181998164394
1.0008432058295522
0.08000000000000002
1.0053820160729396
0.0
1.0
0.08
1.0053986928104575
0.40595904031734426
1.0096720143324578
0.08124146827715446
1.0019761699598215
0.08024389724187006
0.9991110873926987
1.9994666524356193
1.0022759672622843
0.0
1.0
0.0
1.0
5.216570516754634
4.291145761808373
3.48595399461705
2.2823104839675454
1.396071589350421
1.335396057898207
1.013077162139865
0.0
1.0
0.08
1.0001596116844498
0.40099626546229516
0.9954753223195788
1.8
1.9894419262020118
1.7940492348643486
1.0021769248698746
0.0
1.0
0.39999999999999997
1.004541811381245
1.7999999999999998
1.0374072735336899
0.0
1.0
0.0
1.0
0.08
1.0053986928104575
0.0814344436298743
1.005659921006337
0.0
1.0
0.0
1.0
0.39999999999999997
1.0369934640522878
0.0
1.0
0.08
1.001980934056323
0.08023922287569525
1.005427546509275
0.4059812411853069
1.1704965071991942
0.12370717679475235
1.0607132900696536
0.0
1.0
0.08
0.9991072835162527
0.0
1.0
1.0
1.0541866028708131
0.08664760522386566
1.000362999102009
0.08026408931542504
1.000170700305136
0.40100042149747195
0.9954762854863055
1.8
1.03740562470798
0.42983718747726357
1.0082349032478326
1.996836791405512
1.0525746710240704
1.996937241903829
1.0037380339105482
0.39999999999999997
1.0004791043336556
0.08121558128472829
1.001994004259629
0.40101511561847913
1.0045223478276184
0.4
1.0104425739058855
1.0324752387966623
1.0243327548905785
0.0
1.0
0.39999999999999997
1.0100488021295475
0.0
1.0
0.39999999999999997
1.0100488021295475
1.2082016632143961
1.4237216813876956
0.0
1.0
0.0
1.0
0.08
1.0391092910161248
0.0885746309855071
1.0070481143086152
0.08163510901983992
1.0018784634108338
0.40102300269260777
8.291605848872459
9.238579617080164
8.383761153178252
7.879687287716892
8.367466327731096
7.1330679451325025
6.898218517819188
7.241001417860218
6.09280802614861
7.367522621996775
6.216872709338005
5.541164685820538
4.76905570316758
4.472954788154413
3.56314432188504
2.8898426089814695
1.2890129895510385
0.007033092147137087
1.0013165416932066
0.0824408469506627
0.9991148507826159
0.08624942673307795
1.006385099056475
0.4089390349880581
0.996098101333523
0.0019092819339740288
1.0007646503494136
0.4013335228044371
1.0045882727229891
0.4023520526536074
1.0050091911801244
0.4044705682943879
1.0275309713277379
0.43298179059734043
1.0041736231481762
1.0135880328197229
1.0529151118982956
0.4310432063430079
1.0025407004638593
2.000714660721768
1.0014856989918148
0.08379629195855909
1.0079173824195673
0.08242437999009533
1.007606409747278
1.0143546999083746
1.1859435039180166
0.5552575618096455
1.0401628616824519
1.0988892569541244
0.9920893719969848
0.08051901805621257
1.0056402369624338
0.4062150890480966
1.0014792827083627
2.000563899789215
3.4315966756093537
2.417844131695497
1.1668258940805893
2.099510491589709
1.0491924121453418
1.0998944983450971
1.0375407381817459
0.09045908001307554
1.0078489894693248
0.0
1.0
0.39999999999999997
1.0269934640522878
0.0
1.0
1.8
0.995458188618755
0.0
1.0
0.08
1.001980934056323
0.0
1.0
0.39999999999999997
1.0369934640522878
0.0
1.0
0.0
1.0
0.39999999999999997
1.0369934640522878
0.08727569958308615
1.0007767773848042
0.08026746521603761
1.0001792259810767
0.08024025506598559
1.0019818347445884
0.0
1.0
0.08
1.001980934056323
0.40099626546229516
0.9954753223195788
0.4
9.839039261731145
10.131509100577357
10.550610461843748
9.110715516855073
8.073836159944264
8.630539083239768
7.722027249955124
6.163388066230795
4.893251255333454
3.493581368120043
3.0481051009675113
3.1165062691573078
2.790979983154324
2.952115715952918
2.0168582403772723
1.108457578112054
0.631959949937434
1.0990408708778951
0.5833170023746727
1.0252399275800672
0.22075857710479335
1.0297798595165457
0.13930157463490264
1.0061908275439384
0.11153807489905546
1.0042500055886814
0.09691102682091618
1.008108014575233
0.4139616032081237
1.0023540776595365
0.4129449964037803
1.01081000432535
0.08760008071502559
1.0024407016052324
1.2001896414826192
1.0033896097597754
0.08852820685983206
1.0006214276631646
2.0064151581993066
3.4460849007208525
2.5735516400126293
2.20511227312738
1.9132303793028467
0.9935151144595381
1.5643484069731788
2.135487661240866
1.6005121134347502
1.2774919611751503
0.0054705393674086885
1.0001720859490557
0.40326098744600025
1.0011998943743
0.40828445227344806
0.9957161758393904
0.08500248540789064
1.008277958757912
1.7957659314619385
0.9960548448146319
0.4043863251133135
1.0108495486961586
1.2065739598952612
1.0318222419667413
0.0
1.0
0.0
1.0
0.0
1.0
0.08
1.0001596116844498
0.40099626546229516
1.0008464035375915
1.0117529811913204
1.1397866140679962
0.0
1.0
1.8
1.0269934640522878
1.4062234016448036
1.0120371503199086
0.08412832792488978
1.0018234696330086
0.08025518159155197
1.0392528242329957
0.4352398447103868
1.0074301133171144
0.08136574082282647
1.000277234950781
0.08024454017280343
1.0001692709359078
0.4010000969664839
1.0271256167832115
0.08729968823679951
1.0004162694399563
0.07999999999999999
1.0074062781646969
0.08143433069216396
1.0074505836011605
0.08146779080340612
1.0007936196403007
6.33217024576135
5.193000244370285
5.024002456604818
4.132516003143453
4.197345862735665
3.321324194274133
2.078272476979825
1.203946202290799
1.2942998602817115
1.0486240509782851
0.0
1.0
0.08
1.036063475812644
1.2548186112771307
1.101703205043606
0.10483983147932786
1.0078917513319265
0.08202074905193868
1.0073934203732362
0.08148289017860257
1.0002932404717075
1.4002234291257385
1.081388852139355
1.4022079707167467
1.4198269708703561
0.7510811712508363
0.9635111322383396
0.08283430950555705
1.0071013915764464
0.08151725322273398
1.0003349127286567
0.40102123166826686
1.0045077007423246
0.0
1.0
0.39999999999999997
0.995458188618755
1.9990916377237509
0.9950663574283504
0.39999999999999997
1.0265055816202022
1.794050772327619
1.0082418918971388
0.08134170820611124
1.0056239745909432
1.014093770343457
0.9782307868224536
0.08
1.002354727067753
0.0
1.0
0.39999999999999997
1.1804014167650534
1.420678290102502
1.0282928478772728
0.0
1.0
0.08
1.001980934056323
1.0023348807959598
1.0046789674394885
0.4274392386868924
1.004039393128747
2.002423635877248
1.01534255692545
1.4000000000000001
1.0354390737310226
1.9997693205646696
1.4680235095993197
0.21321513234284967
0.991050366297416
0.0
1.0
0.0
1.0
2.0
1.1109803921568628
0.0
1.0
2.0000000000000004
2.999045751633987
1.9961299682304363
1.0126353098215732
2.0025270619643143
1.0056318448705814
0.39999999999999997
1.0003116315896874
0.0812151371249974
1.0019974180453295
0.0
1.0
0.0
1.0
0.39999999999999997
1.000809671694765
0.08121645799602413
0.9991224047809489
0.39999999999999997
1.0101252175206743
5.617722428678147
5.096796642044882
5.2202327000876645
6.069628941065905
5.814761133752762
6.440240478851298
6.70321987852987
5.617590308163619
5.188188333920181
3.415526983595609
2.524401508651607
1.2298339287649815
0.19025553625129374
1.0051804418637165
1.0044616848311938
1.0188956200261106
0.04718591664954477
1.0072322195916368
0.0967424998830701
1.0080629683836282
0.4139722166335468
1.0105255066117123
0.4129770971579992
1.0295613231066634
0.4358914068456185
0.9982427899892125
0.08866076341681557
0.9993192809003877
1.0003721408175734
1.005183592724559
1.7818051523576923
1.1859098029024648
0.13481642083885825
1.0051349214045364
2.0010480157894315
1.001926352400991
1.2062031956988206
0.9868631271685673
1.1938873230631464
1.0365303763833709
0.10039017082001322
0.9995496075419018
0.4201191318682034
1.0030164599888123
0.09785514369702915
0.9995912431549542
0.09666233601370579
0.9995651099881666
0.09666233733310767
1.0013406065764088
0.42011916849552255
1.1744252765279173
1.4123673400303436
0.9747995224462758
0.11685271745054956
1.0041684041152112
1.193248135290582
0.9885331599897258
0.1306644704410103
1.0024175148816599
0.022258449472408372
1.0033733057602712
0.409901349443631
1.0110848394570977
0.0033464107890793376
1.0000832312370669
0.08306555345889671
1.0021999126501893
0.08184796409511208
0.9991559033574607
0.08160919221786503
1.0076712684208908
0.00025721168940367914
1.000017397790385
5.245119860646419e-05
1.0
0.0801235229558317
1.0054184713253254
0.08148077105428907
1.001915165615437
0.4010495770947285
0.9954884341322401
1.399949887221716
0.9845353830040492
1.7997986623176143
0.9994588755707474
0.08133617280106953
1.0075604913659644
1.2098237332706847
0.9873925754962152
0.40015164435493994
1.0056347121840394
0.40028894870884174
1.000344445059622
1.2080852521351524
1.014059529306798
1.1996761968541723
1.0351697616821998
1.9995321547711566
3.009106405098592
2.908347394540943
1.0269284119591866
1.2678241208415673
0.3815216339015041
1.0574634775790446
0.21334228520661427
1.0116546688074224
0.4866367002183084
1.0072473011564078
0.2115220099259144
1.0279750365985725
0.4712735622654689
1.0168245556712
1.902809778375792
1.0006567821233958
1.3459395964427494
1.1254034364892271
0.15575049235005622
1.0059816817287273
0.10972596404073104
1.0121725704210103
0.09269705460385774
1.0092815191800357
0.0018186471788837616
1.0002781012021489
0.08062709815929867
1.007500419182859
0.08166978246908284
1.0008055291101825
1.1998768762052736
1.0315328044622807
0.0001400425089249381
1.0
0.0001400425089249381
1.000009336603102
0.0800672456048918
1.0019857498524014
0.08027445786191956
1.0054331606338183
1.959626689438384
1.0056631159809548
2.1136826026621557e-06
1.0000001435142347
4.309472110970935e-07
1.0000000107075855
0.40000048423875273
1.0008097261329707
0.08121685221531737
1.0019872941732537
0.4010154559144948
1.0008499241201443
2.0016281947832133
3.015195764513211
4.180104791523949
4.139625160776416
4.611559343267474
3.438584788121059
3.083151292232763
1.2432755642063569
0.08000010354999064
0.9978029023450712
1.4001596054721923
1.853431277431198
1.8555762421803497
0.9033884355060515
0.0
1.0
0.39999999999999997
1.000809671694765
0.4050557622284573
1.0009961202153488
0.08123679023282812
1.0008746414757979
0.08000000000000002
1.0019959525113658
0.08023918327671384
1.0001666125433644
2.0000838911917485
1.0271252977071488
0.0
1.0
1.9999999999999998
3.0459268004722553
2.2193562254822936
1.0894445687568872
0.0
1.0
0.39999999999999997
1.000809671694765
0.08121645799602413
1.00198726590459
0.08024377161255232
1.0019816676827493
1.9999831665303247
1.0008896140363701
0.07999999999999999
1.0001441032528016
0.40099609780919737
0.9954737359168928
0.08
9.162699876126446
7.069068407026951
6.868217914723177
6.1485912732609505
5.354615299606606
4.648748951697977
3.6399965974914723
2.98647653399491
2.0009683094769777
1.1930919016364419
0.6023273648648627
1.0007260172964092
0.4
1.0270652590960434
0.08727671483248425
0.9995841166316638
1.9997504699789985
0.9856376959042459
0.4
1.0383020295365675
0.0
1.0
0.08
1.0053986928104575
0.0
1.0
0.0
1.0
0.0
1.0
0.08
1.0053986928104575
1.2096557552229417
1.004470838390666
0.0
1.0
0.08
1.001980934056323
0.40099626546229516
1.0008464035375915
0.08122046344529138
1.0001974917354077
0.08024378860100559
1.0001676317991322
0.08024013646851892
1.0019820653371068
0.08024012119924809
1.0019820757593765
1.999916001843539
1.998189252632367
1.0117531606728947
1.054041044823733
0.0
1.0
0.39999999999999997
1.0269934640522878
0.0
1.0
0.0
1.0
2.0
1.0809803921568628
0.10264386837169147
1.0020821218903704
0.4013624576480367
1.00104050827698
1.2082421108009485
1.0828676872521963
1.333275622518635
1.0125301755014378
0.08472202096588753
1.0065702293731702
0.4064344757377377
1.001582659650629
0.08124378831431844
1.0002122817492747
0.08024391414608338
1.0001679361543656
0.40100007339932375
0.9954760181207923
1.9600000000000004
1.0009694465992272
0.4
1.0046254488435518
0.08
1.0009711675477082
0.0
1.0
1.2000000000000002
1.0809803921568628
0.10264386837169147
1.0095223939857978
0.0
1.0
0.0
1.0
0.39999999999999997
0.995458188618755
0.4
1.010444268615605
9.839039261731145
10.531332670469242
9.949518675045127
10.594448315835374
11.781502282770566
11.197821093996462
9.883762906439426
9.712288774669794
8.497078054266094
6.97657649979138
5.3033643318235315
6.1709616067171025
5.065132586720269
4.281773289223472
3.417161413713562
3.5314878033373205
2.5784920412780585
1.3784394502641488
1.5536328769553005
1.2640956408013566
0.3215351032633663
1.005072575579209
2.0013414301337105
1.0678336252071179
0.09220076065568153
1.0374813448432958
0.13046578371247325
1.0556689270612332
0.11784303801776598
1.0125792761717007
1.390779248565593
1.0908755525718143
0.005578915642423247
1.0001389048344038
0.08511070601085348
1.008214381362242
0.08335775326544537
1.0004190207597414
1.0026122532678317
1.005000406644519
0.0004302162718638765
1.0000000000000002
0.08101256579273644
1.007559802162843
1.2095672077309076
1.0045793818801732
0.00023496119641379132
1.0000156205307134
0.08011282731151992
1.0019890122967514
0.4010695596087977
1.0100580996519375
0.08127962319095469
0.9991246670743199
0.40007266542342507
1.0370893231209275
1.8071125805281117e-05
1.000000458193328
0.08001655436402119
1.0074013284094527
0.08144065201237857
1.0007993935334722
2.000479551977865
1.0144661478148973
1.7999730138282901
0.999532756333529
0.08122959591977062
1.000171464368321
2.0003238410639392
0.985823163609633
0.08002311850436364
0.9999141339984899
1.4002059029212952
0.9857431051164072
0.0
1.0
0.39999999999999997
1.0100488021295475
0.0
1.0
0.39999999999999997
0.995458188618755
0.08
1.007481454706738
0.0
1.0
0.0
1.0
1.0
1.0248901903367498
0.4
1.039261236949636
0.0
1.0
0.39999999999999997
0.995458188618755
0.08
1.0009697489996876
0.07999999999999999
1.0009091642040993
7.367335803107319
8.255210232125407
7.483939510200428
6.791349280575535
5.763121873098239
4.836699159285113
4.104854744551449
3.740464724324464
3.5566345098116017
3.2334999027050926
3.0428340038921986
2.7804490171613208
2.334483412630459
2.3869168090399606
2.0045319557585337
1.398936449151031
0.7516944790749255
0.7865893590599281
1.0809984198913927
1.286926101500061
1.0544935010576906
0.2735053132730393
1.0199734034230605
0.23108099112867217
1.0117024216631647
1.9998222825787424
1.0004246408426194
0.23108380559036984
1.0116798390018156
0.03867431880265834
1.0026240226108898
0.4230824735623492
1.0053027164263288
0.11545320604134864
1.0046190469500107
0.42403875956895865
1.0034849935267558
1.768765619268243
1.0124519790693527
0.0
1.0
1.2000000000000002
1.0809803921568628
2.1326332570874054
1.2299745998892588
0.596473950246734
1.030461840825371
0.4086637901102925
1.0072300813710242
0.0
1.0
0.39999999999999997
1.0369934640522878
0.0
1.0
0.08
1.0073986928104575
0.0
1.0
0.0
1.0
0.39999999999999997
1.0369934640522878
0.0
1.0
0.0
1.0
1.4000000000000001
1.0312845303867406
0.0
1.0
0.0
1.0
0.08
1.001980934056323
0.08023922287569525
1.0019821791792403
1.0023450196141515
0.9752683049608623
0.08000000000000002
1.0049095548419056
0.4059312487289686
1.0041389977051014
0.4
1.0265841631681165
2.006764574280952
1.0038149402981642
0.0
1.0
0.08
1.001980934056323
2.000000968980981
1.054160620921588
0.08667702350569961
0.9991962100254623
0.4
1.0370666982499677
0.4298582193647871
1.0081714836992801
1.7989086213828238
7.423265004690524
6.5065708519160195
6.027020644594974
6.363285250234559
7.196271719071575
6.523694413721038
6.175804264197942
5.335039010648952
4.685133799814073
4.459145641945119
4.108503971657915
4.454882315299306
3.8809180839158723
3.220276833313752
2.7764125611588115
2.3163312235157694
2.4627969036497923
1.5762621593932873
0.9825277345462937
0.473285658738845
1.0362679852208363
0.09761464242222502
0.9999999999999999
0.6050644550527676
1.0266589669641613
0.09761464242222503
1.0066959609532617
0.0
1.0
0.08
1.0073986928104575
1.038112044707466
1.1999838080992755
1.8969338976603511
1.1040368297539593
0.5248967375220299
1.2637659475909107
0.0
1.0
0.08
1.0053986928104575
0.40595904031734426
1.0096720143324578
0.08124146827715446
1.0075018573808059
0.0
1.0
0.0
1.0
0.0
1.0
0.0
1.0
0.08
0.9991072835162527
1.2
1.0022749199234526
0.08381074902120114
1.005852542889184
0.08151977077639819
1.0074524027440497
0.08146986870005068
1.0398624761220112
0.0
1.0
0.39999999999999997
0.995458188618755
1.2000000000000002
1.0012702408954135
0.4157415213694771
0.9956012119408509
0.08
0.9990326767732365
0.39999999999999997
1.010133030434468
1.9990224774086747
3.0087989793424583
1.9964442478702613
1.030793180407215
0.41642665687601677
1.0099070526068907
0.40533244292081283
1.009995639925162
0.08123812139471877
0.9991268061107688
1.0
1.0039495725208543
0.08664637153307406
1.0020241501997018
0.0
1.0
0.08
1.0073986928104575
0.40595904031734426
1.028215285788011
1.2478619367561188
1.0982929340207912
0.0
1.0
1.9600000000000004
3.9213086598175653
4.017092870835007
4.251431670514032
4.176220814534481
3.9189257780684756
3.570843704855938
2.7919853572077478
2.0637378571504743
1.1268241273511652
0.5163620554528688
1.0634641278284376
1.9931407484632764
1.0173454932625383
1.9999817248207907
2.990376559926789
1.9807723710290226
1.0025370292137308
2.001184934838569
1.0176778494572924
2.0036303305542114
2.9502839243116603
1.9447281365860267
1.0023517690171215
0.5248770254171422
1.0381864289780283
0.3830120746808054
1.0652246343531
1.1831098167088163
1.488383146067534
0.9029450165576932
1.0699510282763407
0.28196166662448024
0.9999570262370855
0.21767463738105697
1.0051610106538758
0.6057114090507303
1.091467619845763
0.07213615354803353
1.004997431503432
0.015603212868035028
1.0010516809308325
0.40930883604977575
1.0018690730052675
0.0032300895660400215
1.001298698044707
0.0
1.0
0.08
1.0073986928104575
1.9986176644807787
1.0096720143324578
0.08124146827715446
1.000209012411541
0.0
1.0
1.8
1.0100488021295475
0.08121645799602413
1.00198726590459
0.40101519947560715
1.0370847886368475
0.4299613994259745
1.0331406472289721
0.0
1.0
0.39999999999999997
1.0369934640522878
0.08727569958308615
1.0007767773848042
0.0
1.0
0.39999999999999997
1.004541811381245
2.000908362276249
1.0374072735336899
1.9804299049692775
1.0441278026456966
0.43076754512587095
1.0022116325038193
1.2000000000000002
1.11158490504124
0.1026338402494073
1.0009118234196268
0.40136208459974965
0.9956551043376737
0.08000000000000002
1.0053127604295804
0.40595415783703676
1.0096867713596358
0.0
1.0
0.08
1.0001596116844498
0.0
1.0
2.0
1.0809803921568628
0.10264386837169147
1.0008883557841868
0.0
5.312709804922791
4.837952225317328
4.766803059230843
4.415754531797045
4.345727650077812
3.4409598505739076
4.624882025891116
5.810388697112462
6.275723400770152
5.332296303023975
4.268777614460661
3.620999105146883
4.456228289648322
3.651467890953979
2.506028312407496
3.5573623108184225
2.5487369462297016
3.3393735122450843
2.3478313763758787
1.1625139576447443
0.43366131495320204
0.9887387394762146
1.9976870269442721
1.010788822549211
0.0
1.0
0.0
1.0
0.08
0.9991072835162527
0.4
1.0101265341794718
2.000099022256334
1.0540995010639715
0.0
1.0
0.0
1.0
0.39999999999999997
1.004541811381245
0.08
1.0053088658742508
0.40595393655754586
1.0014070783302826
1.2083696009703195
1.1117888964422629
0.0
1.0
0.0
1.0
0.39999999999999997
1.1663518299881936
0.5638828494692416
1.0196631088760044
0.08191717228892884
1.0005231696356658
1.4
1.0143913292518942
0.07999999999999999
1.0394624287510799
0.0
1.0
0.08
1.0008927164837473
0.07999999999999999
1.0001440491686042
0.0
1.0
0.08
1.001980934056323
0.40099626546229516
1.1809218927911815
0.12298045354380752
0.999521181553248
0.08040750532543534
1.0008140402485532
2.000488424149132
1.014470020749568
0.07999999999999999
1.0076623687441162
1.9596440843299643
1.0371032309882406
0.4358938655698111
1.0073376666476206
0.0
1.0
0.39999999999999997
1.0369934640522878
0.0
1.0
0.39999999999999997
1.0100488021295475
0.0
1.0
0.08
0.9991072835162527
0.0
1.0
0.08
1.0001596116844498
4.42788023500581
4.245363767401001
4.129254343565043
3.693371063358932
4.442870124503937
4.632140898428189
5.415399266493949
4.3948596950013785
3.775824742218504
4.380560525235806
2.960311623878378
2.1695223570938573
1.0499185613217672
0.26508046099802846
1.0149307214297807
0.5215750959132168
1.02324003406862
0.18850812327396274
1.008273732058793
1.1778056172784201
1.0156513130644287
0.5548169543078827
1.0187868753886602
1.1555687452888863
1.0306250479624732
0.6090611068114695
1.0104146291289977
0.38310598126290546
1.008233115666156
2.0008468363364584
2.931545642901486
1.9931365026624501
1.0051535363010078
0.2193117196915984
1.0052043803474955
2.0004430281874317
1.0042015647360516
0.8692045507022294
1.0174509729109498
1.0211811690226416
1.5602440907065334
0.6123487516431462
1.0131897091581399
0.8492193175479045
1.190397605537775
0.5706119760195272
1.011374581041907
0.3055235504105188
1.0226520547541516
0.251790691632199
1.0150950631203264
0.04490013858722065
1.0030538418898864
1.3776519211924625
1.0072772948285933
0.11455103505066169
1.004230782824148
0.09669273067675077
1.0013169125224457
1.1916348669445282
1.012538940327948
0.18184416456533953
1.009746372268277
2.001126206202273
1.0257159555521196
1.0069465235641417
0.9763948457641537
0.0
1.0
1.8
1.000809671694765
0.0
1.0
0.39999999999999997
1.0100488021295475
0.0
1.0
0.08
1.0053986928104575
0.40595904031734426
1.0096720143324578
0.4051594401521503
1.0010577868661856
0.0
1.0
2.0
1.0541866028708131
0.0
1.0
0.0
1.0
0.0
1.0
0.39999999999999997
0.995458188618755
1.2000000000000002
1.0012702408954135
2.0154017176912538
0.9768009190009336
1.2000000000000002
6.159686658916921
5.117974903791814
4.574255856910904
3.7788289112747417
4.122032552972436
3.280539138995906
2.1021744167497847
1.0270912885148715
0.7143671119322524
1.0601525105646379
0.3125914546002232
1.1327710766009254
0.26976392041848063
1.0168992276550026
0.19049967567085008
1.0262076439032313
0.46037472295988097
1.0417139546089307
0.12038082152941332
1.0032005839093296
1.006388740601337
0.9783289624595565
0.013410115070562289
1.0003334276619982
0.09228509218308587
1.0439479962509515
0.09556782623442903
1.0087813809293418
0.001135122736397869
1.0001667719867355
1.0002699444987035
1.0045736526635263
2.008517592883421
1.0059313433893258
0.41766442633343864
0.9960532377083483
0.40150579657728225
0.9951939086786785
0.0009959350446839444
1.0000248701881875
0.4011181258226851
1.0372392109478568
0.08792363945192365
1.0008232615932353
0.0001455136270770266
1.0000219544843958
1.7999185143845478
1.0270086527603899
0.08731220062248025
1.0004193329315758
1.5630169419114745e-05
1.0000023419077462
0.08000538211494079
1.0019813234069044
0.40099976179548774
1.0008467996538348
0.08122328546979812
1.0008770046748243
1.3999921026011584
1.0807223762311722
1.167032134998985
1.229755775096174
0.5964596922518799
1.0304137207586221
2.822074374430277e-06
1.0000001892320463
0.08000135497885721
1.000892712258298
1.4791450515874076e-06
0.9999999999999999
1.3999962134189128
1.0025213682605703
0.0
1.0
0.0
1.0
0.08
1.0073986928104575
0.0
1.0
1.4000000000000001
1.0312845303867406
0.0
1.0
1.9999999999999998
1.000809671694765
0.0
1.0
0.39999999999999997
1.0100488021295475
1.9995817771217292
1.0044548375105276
0.4
1.010436695717849
0.0
1.0
1.2000000000000002
0.9857502095557418
0.4
0.9995495630337504
7.367335803107319
8.080289662648244
9.121604348211168
8.216762790209561
9.038220747433892
10.2035955686172
9.075487384141093
7.867454497141083
8.486747830840438
8.791377404808163
9.3646840540248
7.587170293106505
5.979844518463314
4.634670849076456
3.222334402617014
3.2499032747828256
3.1215848663965713
1.7071435176060434
1.4760552094163057
0.0759583551501027
1.0116546673100113
0.011878006260098299
1.0017590730474655
2.000493186992837
0.9864196156919046
1.7822641091672848
1.0412402241970156
1.983510498083166
1.0066299665956824
2.0037317910184402
1.9771646614738612
1.7112769739536169
1.0583269002023905
0.01521846805326011
1.000374034329007
1.999987476775256
1.0027240183331547
0.42196138577322295
1.0118218379430557
0.0
1.0
0.08
1.0073986928104575
0.0
1.0
0.39999999999999997
1.004541811381245
0.08
1.007481454706738
0.40595393655754586
1.0040708034054708
1.0
1.0560941657606115
1.9982020065612713
1.0042705448439702
0.0
1.0
0.39999999999999997
1.000809671694765
0.08121645799602413
0.9991224047809489
0.08000000000000002
1.0009076012033369
0.07999999999999999
1.007415231321274
0.40595802041992746
1.0096750969181223
0.08124145721127876
1.0002089468237085
1.4002229407728533
1.0813583152024022
0.10270613779375556
1.0008824364335436
0.4013635523200702
1.0098730962824551
1.0117699769080999
1.187303033822416
0.1200703706554686
0.9982048618550378
0.0
1.0
0.0
1.0
0.39999999999999997
1.004541811381245
0.08
1.0053088658742508
0.0
1.0
2.0
1.453412462908012
1.8916550078182868
0.9779709741908945
1.9976469441054414
0.9999474399803739
1.9999894879960747
1.0369886752504995
0.0
1.0
0.0
5.4669385737238905
5.495363820269954
5.505716062646362
4.87292132478747
4.276927682745883
4.022167564406637
3.361511404458614
2.971251372424137
2.6826110289407854
3.1466653250575556
3.316699707445636
4.174069819451173
2.9537629594557653
1.9384333933446307
1.002151402010482
0.1285641739534853
1.0206230483323482
0.02111402490406144
1.001397125238402
0.004378333825274315
1.0001099713557284
1.3956961614586314
1.0318254719197018
1.996926724119576
1.01251538931552
0.1160425482489995
1.0536857516777254
0.10930137067543112
1.0008661031719643
1.0008943898871985
1.6479142162989227
1.0164619234940595
1.0745458070764253
2.050326702204061
1.008610600579432
2.0046440802142533
3.1138304586505083
2.2223289516503986
1.1133997250044114
0.4805124741060156
1.018046571296561
0.01993548851324975
1.0030289605244442
1.0047518785029286
1.0254094605190924
1.386704657901536
1.0396237358734584
0.0
1.0
0.39999999999999997
1.0369934640522878
1.9795596222275733
1.0437369132907948
0.08750166505389588
1.0067376564453905
0.08160937106250091
0.9992290115158674
1.9992290115158675
0.9747456833426202
0.08000000000000002
1.0048992185476784
0.40593066144952833
0.9958592370788615
0.0
1.0
1.2000000000000002
1.0025207182320444
0.0
1.0
0.08
1.001980934056323
0.08023922287569525
1.000889743003553
0.08
1.0074149059051887
0.0
1.0
0.0
1.0
1.4000000000000001
1.9680392156862747
2.4983537811048726
2.439439016509978
1.5226873832832613
0.8343743904645557
0.09087831438673964
1.0057540312632103
0.40122622407880165
1.027795297237866
0.0
1.0
1.9999999999999998
0.995458188618755
0.0
1.0
1.2000000000000002
1.0142497904442582
1.8
1.0112895203774104
0.4050419075971694
