4.030850165616679
4.979899702283608
5.762492338219672
5.5215474996531935
5.347308378157861
5.4483604437668545
6.2493574075108045
6.066643967617631
6.748328823179985
7.953106799991966
9.134840761807169
8.72766560042395
8.531460831310573
8.125630581399822
7.081500485883881
6.319254161771015
5.7376388373555125
5.227348307252288
4.895517253602788
5.30240405174704
5.056346052630446
0.002739697471404992
0.010869452848168919
0.016880312708549467
0.41504104912633266
0.955468499781241
0.0037915407496468506
1.0005749330098934
0.08128691479447622
1.0064313994751313
1.7962077069982378
0.9958818472572077
1.9975214677738382
1.0043740473956813
2.0028368688373726
1.0067163034679885
0.08692807432833413
1.0072830095046637
0.4089893761666398
1.0024240439533536
0.0002836037710146144
1.000018822685685
0.08013546540734824
1.0062439620460792
0.08188896280114624
0.9991864505313954
0.08005008614706541
1.0003242317920942
0.08033283584270495
1.0003420939218997
5.791987688990617e-06
1.0000008644818523
8.326623431348815e-07
1.0000000211467142
0.08000076197456238
1.0008936749600548
0.0
1.0
0.0
1.0
2.0
1.0933333333333333
0.0
1.0
0.0
1.0
1.0
1.62
1.7911182737935356
1.1459824821351097
1.9285739181959674
1.9418311301052045
1.765886353311055
1.0184256660843791
0.40836892481783094
0.9971018861205295
0.0
1.0
0.0
1.0
0.08
1.0017857142857143
0.40127727618169584
1.009101366564828
1.2103807985119253
1.0058355592742343
0.0
1.0
0.08
1.0017857142857143
0.0
1.0
0.08
1.0003348214285714
0.08030674218084777
1.0008931712838907
0.0
1.0
0.08
1.0062222222222221
4.743653317522773
2.3118847501326663
1.4422594509656292
0.6701790693817746
0.2946884324728206
1.0188454975728316
0.2775599712311267
1.0166495919906926
1.9952619856905849
1.1830235211498004
1.2778206077482055
1.0223201945189409
0.20376198846695515
1.0030581959049432
0.05441199330375291
1.0083958117207177
0.008204029048569917
1.0002076859298188
0.08750787848956357
1.0023245108623706
1.2004265575596051
1.0145651771247655
2.0084088003931164
1.0338731636343959
0.09974894585252247
1.001426085242689
1.3910827323235004
1.0959842632663694
0.0035602545682794024
1.0000882430300204
0.4039870578068186
1.0021512696969221
0.0013873136135296776
1.000209194070669
0.08047013222300368
1.0065182613290122
0.0820125019415034
1.0008195980191006
7.384143207870794e-05
1.0000295011722051
2.0000058282164708
1.0966909633557536
0.1094448125537689
1.0021299355141329
1.3993201405871072
1.0280490415919006
0.08501903078114142
1.0004434940437874
0.4013851213562897
1.0045510970506597
0.4001210895960453
1.031799177798169
0.089422853791848
1.0008954615629224
2.00062314817625
0.9857210459988393
4.194795712789296e-05
1.0000010492499525
1.6298955040422626e-05
1.0000024470702915
0.08000551830325824
1.000893801292926
0.08000551837595314
1.0018011352180818
0.40128070236978125
1.1455112411962807
0.0
1.0
0.0
1.0
0.08
1.0062222222222221
0.40763318930614084
1.00414998766886
0.4
1.031811834552746
1.3853784086567054
1.9320346974852898
2.26062200551287
2.6984846730507464
1.610895217081266
1.0702821213666724
0.0
1.0
0.0
1.0
0.08
1.0064444444444445
0.0
1.0
0.0
1.0
1.0
1.0256410256410255
0.3999999999999999
1.033162393162393
1.9781048663663463
1.0146283120706576
0.3999999999999999
1.000405152103226
4.335793114808104
3.8744039130568213
4.330504246933564
4.207649184181932
4.5593910665876445
4.664047803972516
5.049486253596012
5.148301786904665
4.829293697571828
5.237042966916957
4.45648158192812
3.9430537060879285
4.4619644571286985
3.55296705108277
3.128756088242775
2.8936448835787054
2.548127001590737
2.422759276281372
3.71838463193238
3.499725462689067
3.291629206300359
1.946150367563686
1.3066435283869513
0.31506514391104995
1.0705632705634802
0.11263582142585411
1.0692322978320434
0.09122116406308212
1.00370824757562
0.40365111436747136
1.0821192758458746
0.09241818749677135
1.110613995110327
0.14116494771566984
1.0407307690719667
0.42982617452844657
1.0630361862921305
0.18934447581347016
1.0820085914614257
0.4567382431283601
1.060433282327454
0.12134079044841001
1.0217844748172107
0.02592334367097327
1.0085080066468064
0.010953175378720507
1.0076476228368387
0.0836668344430927
1.0264622470887628
0.04014624239090023
1.0082783995320723
0.08641940596899979
1.0128474411465647
0.020348728835973398
1.0070484896551475
0.009217571440961777
1.0018623924501338
0.008155275527333418
1.0217102885284493
0.4025062681261037
1.0563029252081704
0.17071844892636553
1.028512596404459
0.4397227073900759
1.06937306467779
0.49556812417294804
1.0711658488386138
2.0024372032037094
1.259267414958377
0.35611780654949826
1.2486521464023272
1.2759579989494307
1.2733762724594897
0.4344937502306591
1.084325836777434
0.1937686432873684
1.0116227852093151
1.4129352217939295
1.1542891989677704
0.3770416795418475
1.1294192101205407
0.19873548440491245
1.0267186209674644
2.004450636084724
1.2409212923670117
0.23874897767386702
1.0588376994885862
0.4578661573885724
1.098072887166691
0.5328550652624294
1.3551860026671079
0.612370465371386
1.0972796679447552
0.24524662425100985
1.1960219602117197
0.47567901357958214
1.2391901083290324
0.11335108757835699
1.0228727318533417
0.42561889404691367
7.50711417096959
6.462323301555674
5.460015506857084
3.9599522738159685
3.3145615916242814
2.538760952023711
2.7016899962966954
3.0489328019115685
1.8552788498238042
1.5292256426220392
1.2886296876622725
0.862494129295335
1.1097800181824065
0.5027724114949977
1.0438906528689753
0.1420998978540471
1.0479069944139243
2.0091319811381263
1.1589217674221215
1.6476492151859465
1.0045177184224363
0.06649697942484142
1.0045784846523205
0.4392861039734193
1.0499695378153058
2.0242601525706028
3.0159011613319024
2.003629023236747
1.0515853109002784
0.01467784245303352
1.0003686759355217
0.09341843414921941
1.0000041804387574
0.014679918543791727
1.0022174147226148
2.000055324310113
3.00000139486257
2.0000421162023976
1.00844722797939
0.08554874788881191
1.0016738848555236
1.201688022142224
1.022711361686715
0.0883512222226281
1.0016836419335995
0.4032965259409823
1.0072547715314317
0.0831805387703092
1.000038522475526
0.0814093624445075
1.0014788100871563
1.2020651306679044
1.1239379584946108
0.0003343715155111019
1.0000222939191974
0.0801589864041209
1.0013889349570824
0.08042731089353591
1.000002260305118
2.0000004520099397
1.0000000000000013
0.00024771379368057487
1.0000061924613532
1.9999999999999998
1.0013937841657696
2.0007083515509057
1.0000122403718195
0.40027315043811423
1.0070632864649713
1.3987813171321868
1.0000193753197109
0.4007407008499063
1.0412714575959892
0.00018026952081156138
1.0000270428656242
2.5542134283602047e-05
1.0000017028234502
1.399987058762145
1.8636294182075226
2.0000003235976793
1.1079703618386727
0.1077648365440741
1.0000002894412072
2.000000217079998
3.000000558214767
2.0000002864190387
1.00000011246848
4.0213836063909674e-08
1.0000000026809224
8.117237540102671e-09
1.0000000012175856
1.1499419928598626e-09
1.0000000001724914
1.3999999996090202
1.0000000000452838
0.0800000010669388
1.0013775131071754
2.3555652407643567e-10
1.0000000000157037
0.08000000011198391
2.320888614625116
2.711995280594934
2.6192806058953604
2.8467506551943935
3.204896925952381
3.9333556376879097
3.656149862240773
3.6093197465596347
3.957126730788949
4.631121571653503
4.210064105581285
4.069298468468326
4.514340568080434
5.208226670565466
6.405764089659213
7.264548736729767
6.965469596038026
6.927714573489409
6.269142949265084
5.836189278111633
5.314371789133747
4.880097438999483
4.304160435534334
3.870418386690504
3.768124145703659
3.223380814592342
0.9216162599438356
2.9605020844843377
1.2147429333601798
0.48296622248961874
0.2830886482713401
0.011080179119526995
1.0003410959532968
1.0002548201635593
1.1569916740168438
1.3334398606395799
1.0911240542215397
0.1245967285728381
1.0024449523279892
0.08641819681606083
1.0075164172384943
0.08421758093499512
1.0019010260968106
1.9995635280616706
1.050086548859468
1.9983742464604926
1.0095068597879808
0.4087147153564053
1.0021153723651663
1.0068180831067715
1.024976191833391
0.0
1.0
0.08
1.0003348214285714
1.7994953031561205
1.0311950861016983
0.0
1.0
0.08
0.999106344950849
0.4
1.0046437228130025
2.002786233687802
1.9368059783510565
1.088624692438425
0.9932065993960846
0.07999999999999999
1.0319572296976893
0.44477221524834937
0.9983275242303417
0.39999999999999997
1.0320568329516668
1.2584538509371896
1.1121694191835108
0.11149362084337154
1.000468552464889
1.3993465006057304
1.0061882573384298
0.08498156846370267
0.999130733511282
0.0
1.0
0.08
0.999106344950849
0.0
1.0
0.0
1.0
0.0
1.0
0.0
1.0
0.08
1.0064444444444445
0.0
1.0
0.08
1.0017857142857143
1.399489841129339
2.663328685511472
3.15248636630364
4.046984498114724
3.23478035837287
2.535049960615184
2.1956308202665884
2.7226210692965127
2.2815793082074496
2.3564671067477754
2.8119777059140385
3.2466865432158953
3.6920169282746786
4.166720875812928
4.77434857002972
4.601160366899042
5.136663181669108
4.611940885736589
3.8231114260924164
3.321438929194279
3.440220722343173
3.441214026352639
3.50138160655298
3.5110023646099093
4.437465794514195
4.311706252168177
4.364356013753105
3.7115865241234327
3.9267961606532356
3.5540433637967306
3.310058452848973
3.0188925746270563
3.1451219616598527
2.6072110857125566
1.9464327059983848
1.583071779894469
1.7565036388595727
2.2872916209939627
1.3798819603317998
1.1046115010472684
1.3306404346482037
1.7798821650779681
1.1571849480469942
0.49720998295819246
1.5144731278932564
0.3934797042041237
1.0575206316684223
1.4361997777847433
1.166464073086413
0.331036135423018
1.3842647389572051
0.5295326437614977
1.065884119882526
0.12480025921919069
1.0526161042089375
0.27554424057340837
1.0031737120139022
0.0866724851554325
1.0174551794685616
0.10058856126601969
1.0215882582252402
0.1104146470904469
1.0209392559902228
0.10584525161347888
1.0180932047988198
0.42837104262900677
1.0663407409052774
1.4506260024250468
1.2546138781585416
0.43944441756856945
1.1486091523327973
1.2723751659637326
1.1885389603900405
0.43829197207945186
1.4284314533524862
0.5586268677814493
1.0971544203525991
0.22164256522814652
1.1028234391783012
0.18632968537186972
1.108379523639181
0.15163861867140885
1.0807782112980706
0.11838936753626356
1.119248441772931
0.44396912747532474
1.072412064334612
1.2679636689419551
1.2461389935494702
0.4314053734456514
1.148944938351539
0.5061121845814851
1.1027660497974643
0.21125935330078888
1.0978138497768462
0.1810446913535336
1.307548988450978
0.6625561476532869
1.0636071496788437
0.12000293052673816
1.0215876482073718
4.522335519906476
5.2061929918646
6.102606086748184
5.1311968407828115
4.251214353613766
4.570303966278343
5.246025851064961
5.630818991893958
5.071276572319082
5.956831109198976
4.703180713032526
5.114313069069101
5.133375780524094
4.217890700113439
4.23356426631729
3.764126228479091
4.121072501338213
3.804436071986564
3.9869349079756065
3.3415669860954273
2.8308684503079267
2.789750546741932
1.4851490039868214
2.192714322191637
0.8556836081715357
1.4685068902516887
2.0722498836874608
1.2611925581179324
0.27899723502988644
1.0730070451953475
0.10306203706677443
1.0269763206055171
0.41583163830553044
1.0789671472485551
0.1825027284101746
1.028740971291132
0.045473723565973
1.0089203333165255
0.09265442786169432
1.01476354673582
0.4187939234422522
1.0724992607990165
0.12205963059985027
1.0103192589628625
0.10355911803030131
1.0191580656344215
2.012782898874973
1.318100291450903
0.5990011791210534
1.1277757835124511
0.7775426938721103
1.0881013135075945
0.11435910073505418
1.0045343069459474
0.009328671387102477
1.0535478428865908
1.2045546435403125
1.1765866639778146
0.3673259445359489
1.072301206506062
2.0016676848453425
2.8084175713251964
3.480525901567009
2.8267105013530345
1.9951918569711036
2.675238583050672
3.488948488318637
4.332329754101767
3.4038599374822573
0.12515405064455493
1.048894345319621
0.4143511527404229
1.0499425129552535
1.9809782405625395e-16
1.0
5.2887227718722115e-17
1.0000000000000002
0.08000000000000007
1.0013775130305287
1.2253964246300097e-17
1.0
0.39999999999999997
1.0411111111111113
1.0634230595646497e-19
1.0
0.39999999999999997
1.0411111111111113
0.44301160599146905
1.00794561287674
2.0039727045625253
1.210790908502224
3.8509938487153214e-22
1.0
1.4000000000000001
1.0
0.4
1.0411111111111113
0.09054966444313778
1.0015863399282579
1.1934118130863315e-24
1.7987836305535516
1.565258198613861
0.0
1.0
0.08
1.0017857142857143
1.9999466958581416
1.009101366564828
0.081571650021989
0.9991093001865686
0.0
1.0
0.08
0.999106344950849
0.0
1.0
0.08
1.0008936550491512
0.0
1.0
0.0
1.0
1.9999999999999998
2.927450980392157
1.913541891850159
2.6961358530730415
1.8379004201166032
0.953883397403313
1.9145213115421442
1.127551812780653
0.13463686726828983
1.0505106048855701
1.312302258959759
1.0063974111618768
0.42347007259688135
1.0064730477110146
0.0
1.0
1.9999999999999998
1.0017045454545455
1.21034572119512
1.0285527204064704
1.7918302239277375
1.0092111065000298
1.9996103778434058
2.9256907662978726
1.883175710424542
1.0031677673021402
0.0
1.0
0.39999999999999997
0.9954337899543378
0.0
1.0
0.08
1.0320346320346319
0.09098131479401114
1.0013732400952526
0.4014651036899954
1.009033206190067
0.0
1.0
2.0
1.0053571428571428
1.231978922672174
1.028513500290096
0.08514996481096378
1.0018071834319129
0.0
1.0
0.08
1.0003348214285714
0.0
1.0
2.0
1.0500000000000003
0.0
1.0
0.08
0.999106344950849
1.8
1.8882806476484193
1.885652946815704
0.9688048320277795
1.993760966405556
1.0064211723991643
0.40653320211902894
0.9957335276346698
0.0
1.0
0.0
1.0
0.08
1.0419913419913418
0.0
1.0
0.39999999999999997
0.9954337899543378
0.08
1.0018624909542464
5.848062842035403
6.244288750207339
5.531396668711309
5.536555727972579
4.960772331752313
4.659308221437747
4.224438532263001
4.617246679504886
4.190258243576694
4.49048103281196
4.439954324193505
5.001739148091791
5.08977468428667
4.280058993943714
4.718157224254006
3.798914347552006
3.9545614992065192
3.654222454953942
3.780281121064454
4.068937655559782
3.7339525303142906
2.81912006474661
2.5376344244183695
1.5395379559044517
1.2090645907470534
0.28136921528975595
1.0776698441376447
0.4873477518930827
1.0583255142075276
0.10582772128452894
1.011607441244332
0.08584198251898242
1.0090482622486048
2.0046104780729936
1.2118473977224204
0.6250717746197062
1.0120753774105695
0.0005634503423187517
1.0000486282089012
0.08048535189963572
1.0480248559516208
0.00010945458628008943
1.0000163864299
1.0000244427044165
1.0393798503151166
0.44123319893186114
1.0079134398123741
0.4082482530429942
1.042114184043503
0.44402680190518723
1.0464220856172515
0.4482634105875699
1.000001416562511
0.08004715428689081
1.0082296998725275
0.40859457100609314
1.0072178468867734
7.365287128274701e-06
1.0000001841395083
1.199996546546669
1.0000005222007307
0.4000226884515357
1.0070366307085368
2.0003543779269313
1.0226691979360276
0.42365759973379075
1.0000014289926857
2.1483586519385225e-05
1.0000014322493607
0.08001021343487469
1.0013782467466033
1.0023945142717547
1.944513173645396
1.9947977343538763
2.4735068867279395
2.8158698294896496
2.79974952235361
2.2616064712533146
1.538458570312607
0.8360909601141422
1.0015179046470102
0.0841629203592337
1.009081320474677
0.08218516184851626
1.0084647091193746
0.0821277017993856
1.0084729833822366
6.50768061997025e-09
1.0000000004339122
2.000000000086916
1.123333334279127
4.602514019153958e-21
1.0
1.8
1.0
0.08
1.0013775130305287
1.2023522027123013
1.0
2.8974975163876115e-22
8.23809523809524
7.91360372626161
7.638320017947473
7.070081531031431
6.618233333265233
6.151337909260437
6.982564612677314
7.054244944125713
5.767566191955482
7.058396340521753
5.535878169262131
4.673457722687109
3.5345249541769546
2.687832738125311
5.652443439886404
4.94746742243969
4.928126266846887
3.2672511156236705
2.4416402575319642
2.3152126851862334
3.5054488339040524
2.3194935127283607
3.070850678217639
2.006283597082233
1.4194662847216235
1.568024744921664
0.5162087088634021
0.9581798998024338
0.1267684176717585
1.0015533196913908
0.4528168212527036
1.0078114173089057
1.0104526536312834
1.2229247136095216
1.718075953261099
0.9480152726541422
1.3033259917154227
1.0838349593002077
0.0
1.0
0.08
1.0320346320346319
1.9647843741037603
1.1539495848444241
0.0
1.0
0.0
1.0
0.08
1.0017857142857143
0.40127727618169584
1.0045611445712275
0.08
1.0018624057831902
1.9998947888823333
1.0144793824066343
0.0
1.0
0.0
1.0
0.08
1.0008936550491512
2.0005361930294905
1.0935478105451297
0.0
1.0
2.0
1.1555555555555554
0.13140133808720728
0.9986859549327308
1.9999474381973097
1.0008713443151989
0.0
1.0
0.39999999999999997
0.9954337899543378
0.39999999999999997
1.0049622617905842
0.4
1.0049966126918761
0.0
1.0
2.0
1.0053571428571428
0.08496249339040288
1.0008858261232332
1.8
1.0321346238611466
0.0
1.0
0.0
1.0
1.4000000000000001
1.0285714285714285
0.08496249339040288
0.9991141738767669
0.0
1.0
0.39999999999999997
1.004566210045662
7.174915409136902
7.4113336484011
6.546167021271882
5.473889536521985
4.760507790578584
5.2834254519723105
5.3686128094718395
5.72810582251748
5.69313674757781
6.580320050642704
5.2150388004528905
4.114196021014063
4.3691275488118535
4.669501121101315
5.088291383916074
4.879796235543646
4.450210490027406
3.050838002677881
1.8579483356783908
1.0961348858593953
1.2002466556184226
0.6286386100859069
1.0710388229359948
0.19565449841760696
1.0259935446983524
0.16946883428046716
1.0100749146306802
2.002202241816548
1.0300577775165791
0.025564770248181386
1.0100558093122787
0.41716591403040365
1.0001560517828025
2.000004965266306
1.210344377232611
0.6479876423054762
1.0000204916174664
0.2332546310979705
1.0347316796902148
0.14440467015059746
1.0060084826623537
0.4420510396506239
1.01150759137293
0.44754544494740284
1.0017291932876493
0.14248698027168166
1.005969333609549
0.01458516578126969
1.000977094965405
0.40867875297694767
1.0079665017986752
1.3917563895047698
1.0239495992223284
0.09571416837354815
1.0000000000397815
1.1867270358584712
1.0000000000189349
0.5640540492470203
1.0000000000168765
1.0573761921833038
1.0000000000021378
2.0000000000000373
1.2854326768644286
0.8452854794540503
1.4071554548640326
1.1404473379499283
1.1480890459344986
2.0000000000000044
1.0703835498329541
0.4134618742115259
1.0093681986158656
0.2148522585393712
1.0050975039066705
0.2766971242604617
1.0000000000000022
0.2148522585393695
1.0050975039066705
0.2766971242604611
1.0000000000000013
0.2148522585393675
1.0361066347982328
2.0064455677561814
1.0422846867590083
0.20608700798366586
1.0294102214839327
0.4685823807824417
1.0139761641671405
0.1303052552718552
1.0163434310371497
0.007887069628222809
1.0005271906383055
1.0007889374222438
1.0401524525593713
0.0017493876433852672
1.000116693890509
0.0003536108718557297
1.0000235768371324
7.139716001527219e-05
1.0000107099563325
0.08002382298446571
8.710635297277937
10.071495914226585
8.54533881056115
8.530374199884967
9.644096874165662
8.342812245013366
7.3126978740956305
6.002607386533791
5.050986517453474
4.501939980591914
4.889478197911165
2.3436402948665895
1.8912807490678258
1.1873319430232923
2.158696447337161
1.9767977214047072
2.0155049217653804
2.0197133896143833
1.7378883687905367
1.0428317085389858
0.052581840530185046
1.0097552565648213
0.014063314515919927
1.00593981995539
0.009436441161202062
1.0026260278614707
0.40100774023755
1.0412290223095673
0.443226078992578
1.2366338558921544
2.014818221533824e-05
1.0000024218476447
0.4000021092857
1.007034780108702
0.40733334022330403
1.0000022102199122
0.08000088112122161
1.0000004329626286
0.40000014920266497
1.0000001053973453
0.08000006738461933
1.001377525536298
0.40143514476785724
1.0070645385341939
0.08177354389591925
1.0084306043328597
0.0821160416542221
1.0014194003363581
2.0000000000127525
1.0480804162755144
0.4503265969812879
1.0471723838751072
0.44898466927020675
1.008077251319108
3.20993507789296e-13
1.0000000000000298
2.9506288226993714e-14
1.0000000000000075
0.08000000000000494
1.0082222222222228
5.881062903883573e-16
1.0
7.121122257650503e-17
1.0
1.4000000000000001
1.0000000000000002
1.303106325921835e-17
1.0
0.39999999999999997
1.0070342205323195
1.7977034043056945
1.0
0.08000000000000002
1.0082222222222221
0.08206622958371224
1.0084649634286083
1.3988467551904147
1.0227417310266138
0.4236968707998488
1.0075362020711471
0.40782421881176567
1.0
1.8
1.0
2.0
3.0
2.1013189448441247
1.8834333879085556
2.1488514662562213
1.9725841814341907
2.4407989430125805
1.1947906664522419
1.430600322931423
1.0316196898111618
1.249382402571504
1.024040681134186
0.08602017333135434
1.008929601706326
0.4092723888359183
0.9999995190837736
8.002925287485152
7.394078494508947
7.6202097929306944
8.377723988848597
8.65366655771141
8.677115482165398
9.103964295797475
9.556182108560431
10.670143251640564
12.246765025285642
10.470929899321913
11.557187869536898
10.102726644007975
8.694553181629802
7.669899623749685
6.5275902031712105
7.398562521046353
4.474767529883965
2.4502666075281576
2.0409710420318175
1.5984893430632323
0.4634047094452951
1.0916999944866235
0.16191003399353948
1.069586714984827
1.005322773871275
1.0056027454659788
0.00553319303958127
1.0006920746168868
0.4006015068275165
1.0072489502329491
0.08192962993840605
1.0014542338741053
0.40149209401347963
1.007072923266223
0.08177938323816321
1.0084313577182966
0.08211674876156547
1.0014195430208397
0.4014765441873181
1.0070654633964822
3.7013209179553904e-08
1.0000000067521893
7.190010656682512e-09
1.0000000010776986
0.4000000005024306
1.0000000003537597
0.08000000024112228
1.0478448276085746
1.2772234273475076
1.1358627286664909
1.3970676358541043
1.0000000000062321
0.08000000000632844
1.001377513031731
0.08034468070839318
1.0013843309241472
2.806751678001759e-13
1.0000000000000189
0.40000000000001656
1.2134615384615428
0.1416054937248439
1.0026014087874342
3.146757650925859e-15
1.0000000000000002
3.065386664390806e-16
1.0000000000000002
1.7924775755558813e-16
1.0
0.08000000000000002
1.0013775130305287
2.000069789722328
3.000075172806768
2.0253398859744904
1.0518140637966062
1.786290415940083
1.008153332651074
0.408414809520988
1.000000008207207
0.39999999999999997
1.0070342198442246
7.05826006371136e-21
1.0
0.08
1.0082222222222221
0.08206622958371224
1.0
0.08
1.0013775130305287
0.08034468070730028
1.0082627154042807
0.08207590862950684
1.00141858526005
1.3062797246359854e-25
1.0
1.2000000000000002
1.1233333333333333
1.7592314620234162
1.009810350888314
1.796975926931139
1.1644284310514248
1.6029397640279097
1.6126243112048928
1.980420821209177
1.9705250634478402
2.278468014335083
2.8348206032142453
3.305261710359783
4.114860942407421
4.35934431414893
4.995735103865388
6.466095181363591
5.461554457781752
6.507501637281542
6.377197618977413
6.686794538833191
6.426048402645748
6.530300660794368
6.4898494448867465
7.00173111128593
7.203733348640015
7.902579794128261
6.421264913901659
7.194009554152687
5.6209362065706125
4.015646177863397
4.400205285299855
4.771504150287914
4.92210719349151
5.6230556422904305
6.9148510320524625
6.925411945199841
5.519164775170243
5.472039122052847
2.98544970944205
1.7782866605814334
1.4397685064984882
0.7574003041569414
1.241860164171655
0.27286497470862237
1.0400606074334509
0.43134730093528706
1.0144017104230147
0.09579743956478852
1.0197877168985219
0.11191905228365143
1.0195315800163374
0.05915767255123897
1.0034529919046682
0.09414452502847893
1.0103542741009537
2.0008599434753456
1.0239700905304836
0.09285428091345596
1.0002256076039722
0.4086892754534678
1.216366610938251
0.6332834712848048
1.0004009890818417
0.09256501047078698
1.0003430208226018
0.005380178431180688
1.0021541034947745
0.08268134767243537
1.0000732845451357
0.08268133458259508
1.001570320897788
0.40317401638007566
1.0072510571845366
2.0036486604674892
1.0406562919593183
0.09178774978975536
1.000000000291228
2.143630578133876e-09
1.0000000000946772
0.4000000000227283
1.0070342205369327
0.08176636532885094
1.0000000000037104
0.080000000001632
1.0478448275863002
0.0923310266377185
1.0000000000001155
0.40000000000003166
1.0000000000000224
3.585435940118761e-14
1.000000000000001
1.2017528745637595e-15
1.0000000000000002
0.0800000000000002
1.0000000000000002
1.4000000000000001
1.9666666666666666
1.156688241639698
1.2662195901530595
0.15622422130610092
1.0029225024253607
1.6552031191933446e-18
1.0
1.2020252912452972e-18
5.573796617397842
5.790184998891763
5.925212956567289
5.986928073814804
5.502642196331279
5.799923091397663
5.536346502798184
5.350818021909345
4.87005547387045
4.466509874086905
4.200158993119333
2.947728813547621
2.213678093673948
1.8199050477666123
2.578424931231195
5.293401995673634
3.6543628164229736
1.770981802498656
1.5186771812819029
0.6885444067980067
1.3536656797190851
1.510102211954646
1.5928722548158276
0.3364442627527786
1.039234819718966
0.08639120426428691
1.058044170463211
0.12900711078513413
1.02223619752009
1.9742184420884292
1.0200781281421338
0.4223781684735611
1.0880025349601006
0.5226724264058491
1.1016631773336494
1.8695066098146835
1.078960776234262
0.2229072734610709
1.0636589249354627
0.1416194344683575
1.0275517058453996
0.11205952389713504
1.0223190183928228
0.03280430523492023
1.005093527939373
2.005559832282038
1.057754910497566
0.1720787317186632
1.0720731195812014
0.15945367490206294
1.0279544462035988
0.1124992005747455
1.0299077343901075
1.2163642134745791
1.1876254923736043
0.6757336896918433
1.3775430706012024
0.5395297656560517
1.0593657804378296
0.45652279011008073
1.0846420171891036
2.0221976872686915
2.8267491231614033
3.66016917148411
0.0626619640020913
1.8375969011873572
1.5914412364654538
0.8268696870061242
1.7999999377990779
0.9925189273114374
0.40733291806188104
1.008692327365876
0.08180309454579823
1.0490924102953278
0.09263169963917812
1.0097126839974189
0.08242139386888017
1.0014253948426195
1.3998051572302481
1.000000068158164
2.0000000027125386
1.0082222251456665
1.2139212041039311
1.1255914493738484
2.0055248939610246
1.000000000079984
1.3999999884124856
1.8636363576514439
2.015706320203115
1.846038004897681
2.224926546566813
3.0101133192133385
2.1443786442840027
1.3804443820396304
1.4318574225805525
1.0409736801051872
0.0888576565321037
1.001624699217811
0.0803869058751071
1.0013838287789283
5.812449799196788
4.979826384512071
4.341872232938653
4.850418392547564
4.986458304827826
1.9504763268061804
2.3515360784814083
3.0268387637769565
4.222172898396847
4.688277307873583
5.206518929815749
4.146350954000286
4.721589727921464
1.9352245496474132
1.23341961502179
0.6108765297735914
1.0538623941219112
0.6049344873725498
1.0357845320866472
0.5913995204641086
1.0893474116184299
0.579681019319862
1.0068655724854971
0.6173182222384193
1.0331670703203066
0.2937450412873406
1.0055404490844608
1.7385282794336554
1.017891332732798
0.20441661691624546
1.0293649524053217
1.3535417289075824
1.0348462827004072
0.15792782646684064
1.0019473402032182
0.0324117060264741
1.0021843950882592
0.09565366405552657
1.0004261778312027
0.09565364881338019
1.0025083882374786
0.41158970845399856
1.0081585422893697
0.0035145734791316753
1.000528114043294
1.398805045106363
1.0001382684376667
0.4040012400738321
1.0074605083385173
2.0038089406756265
1.041030416213914
1.264004368103544
1.0250434030275175
0.0020450034226357295
1.000136426559116
0.0004134625880373937
1.0000275679719792
1.3997905411565523
1.1233934287327618
8.982782346067066e-05
1.0000022456451567
2.5198251923851863e-15
1.0
0.08000000000000004
1.0
1.9999999999999998
1.0
0.39999999999999997
1.0
0.39999999999999997
1.0
1.4000000000000001
1.022289156626506
0.4232730395577263
1.0
0.08
1.0
1.8
1.0070342205323195
0.40733287108285
1.0000000000000002
5.530189011578671e-22
1.0
3.503354464904199e-23
1.0
0.08
1.0013775130305287
1.0023934285761364
1.0395604424904283
1.2009573577593738e-25
1.0
1.2000000000000002
1.1233333333333333
0.11341596557703422
1.0121479388321593
0.4124502824372919
1.0426249055299799
0.44449716561754193
1.0464764383135778
0.09187789291256125
8.889714125560541
8.242184774042265
7.619044865985426
7.9733234974319345
7.415115352333585
6.624382470578097
4.56361705442786
5.6798183063824865
6.639419053848942
6.28328903744524
5.013780630098555
1.564939110966584
0.9768144901587261
0.9474497504444402
1.0064806326557187
1.0324379718354333
2.0103936516827603
1.5275371732093836
1.023926277622376
1.4340829083423392
1.7174857813956899
1.2817521891790902
0.7311551130318813
1.077993244131071
0.5557758235976938
1.110087577323932
0.3419264680939851
1.022531868302035
0.0745708267160603
1.0115536745374474
0.10649748576960602
1.0105849649195855
1.0106078546582538
1.1604729548440367
0.6089934641973705
0.9935372611223882
0.010820030419624132
1.0002699712269134
0.08990190261508671
1.0458379712429855
0.09643216779800416
1.0017808148335619
0.08324029338993441
1.0005639276770293
0.0
1.0
1.2000000000000002
1.0144927536231885
0.08
1.0020293949556272
0.4012747647869437
1.0091259683288178
0.08157157458578114
1.000363846353919
2.0000600471479366
1.0017354737988804
0.08157176619179493
1.0066055854981553
0.08187656010082252
1.000812217608712
2.0004873305652273
1.0287896754104233
0.420463021698694
1.0324770994069707
1.9705376719624854
1.0116050527950293
0.0
1.0
0.39999999999999997
1.0017045454545455
0.0815662981258922
1.0066043953176027
0.4077879748036313
1.0022834803170328
0.08159995486043742
0.9991197095624689
1.0
1.0260692966605265
2.0260692966605265
1.062240490389992
0.0
1.0
1.4000000000000001
0.9855072463768116
0.08
1.006157809983897
0.08183536883525362
1.0067101707567536
1.3969238709177427
1.007238960791396
0.0
1.0
0.0
1.0
2.0
1.0933333333333333
0.0
1.0
0.39999999999999997
1.0017045454545455
8.51365319345881
7.189964420978313
8.052416854627591
8.588257822027888
7.957515438113728
6.888811743277747
6.482235334105976
5.548949666293505
3.9858992889907174
2.8040391592178295
1.7457721644099815
0.9498255460258195
1.6295239457708477
1.2434009662416208
1.205216369925703
0.315955357204679
1.0320487945342138
1.0258974480163423
1.061706332445057
0.050097758298986314
1.0074347173446068
2.0053787644326184
3.001433100198479
2.120568282128894
1.0884853594671238
0.009777306478374386
1.0038650822552644
0.4066225633531905
1.042637314976499
1.391202611914129
1.5366581795482526
2.1065961661778503
1.0745363626990445
4.022296879437656e-06
1.00000025243334
0.08000029665717316
1.0082222511400831
5.2661045066884126e-08
1.0000000266319071
4.201593011712247e-08
1.0000000011374892
0.08000000140124497
1.0082222223892072
1.7680394727247816e-10
1.0000000000132114
0.40000000001525005
1.007034220536665
6.207130840210625e-12
1.0000000000241027
2.4924913882572406e-11
1.0000000000062512
0.0800000000037413
1.0013775130311462
0.4014351390624522
1.0412839316573463
0.09059233391486807
1.0015872110161095
0.08039439005114263
1.0082687097340133
2.004095558856551
1.0000000000000007
0.08000000000000061
1.0000000000000004
5.661262032798708e-16
1.0
2.0
1.1233333333333333
0.5301711197838486
1.0
0.39999999999999997
1.0070342205323195
2.3081536414247908e-18
1.0
0.08
1.0082222222222221
0.40857238884165986
1.0072154037732413
0.08180926318820839
1.0014133303656707
0.08035316838815795
1.001384503269763
0.08034633721987108
1.0082629151786937
1.014071923242759
1.0405335572721068
1.0738969252653306e-23
1.0
0.39999999999999997
1.0
0.39999999999999997
1.0411111111111113
1.2668858619069985
1.024413462669984
0.08614090429870334
1.0
0.39999999999999997
1.0411111111111113
1.8750946270872127e-27
1.0
1.5506903310893912e-27
11.321579879401943
10.718328756598561
9.853000639387412
9.130822518829204
8.463503126420932
8.206627562117236
8.021912863130995
7.718214575904786
7.279129661205168
6.553453809128704
6.0725140906365445
5.480885720007541
5.359151745296957
4.9432953505763795
4.071767790533688
1.1675806053333437
1.1776046451129811
0.0
0.0
1.0
0.08
1.0419913419913418
0.44473210879162806
1.0068492088929653
0.0
1.0
0.08
1.0017857142857143
0.08030674218084777
1.0017888065956533
0.08030796597413305
1.0003406090649938
1.2020532558571717
1.0054517440144508
0.0849745011833389
1.0065573752445027
1.2128980213131233
1.0129032808428533
2.0077419685057123
1.0320381041713416
0.0
1.0
0.0
1.0
2.0
1.0093750000000001
0.08876237483366299
1.000879827690217
1.2000000000000002
1.0051114707553679
0.08496184288076779
1.006562908606553
1.21289526083993
1.0073059599110927
0.0
1.0
0.0
1.0
0.0
1.0
0.0
1.0
0.08
1.0320346320346319
0.09098131479401114
0.9996521160509441
0.0
1.0
2.0
2.7533333333333334
1.871474217717056
2.7030360913718927
1.68225406977328
0.8590129487727527
0.39999999999999997
1.0461642750658053
0.0
1.0
0.0
1.0
0.0
1.0
0.08
0.999106344950849
0.08
1.032044814459472
0.09097998995167854
1.0081786081313124
2.0054924440880173
1.0078129585661575
2.0053393557381423
1.4781218974179673
1.701095418522143
0.9645142225784669
0.0
1.0
0.08
0.999106344950849
0.4
1.0046437228130025
4.246241695492231
4.3120115154339524
4.394771569107492
4.927673390306341
5.91608869722606
4.959834368205322
5.2608181994356125
5.751053367759379
5.102043019785979
5.482668775474126
5.53768676768988
5.270240169189038
5.4997908159824656
4.717830973917515
5.415208528911907
4.409976988963875
5.007796791210373
3.9090724030054713
3.1784459742890245
3.1845074621514935
2.363137411520272
1.7755048438217844
2.5482753896580492
1.3428865138145896
0.765999094610172
1.2536125204020752
0.5471647442192
1.2020795228147403
0.7047032219268184
1.0856154390583075
0.27007592108824996
1.0338415799647482
0.16119882076242054
1.0333307971594534
0.45619384966997917
1.0861742010631334
0.5353396250658865
1.1558070901745097
0.30620355521368126
1.1693302485018044
0.28642862675960945
1.0284811809974537
2.0264481477653358
1.1980238594681207
0.33542074615861334
1.882774946120671
0.8097925656763076
1.494009017382853
0.6567918805106887
1.117745553459489
0.27748046503378865
1.0780197450320017
0.4815031535508426
1.0908636269309435
0.11917401116229716
1.0788670200451582
1.2207510101493668
1.2896901772351308
0.4482306131417053
1.0809927286292227
0.22203649826962799
1.0538320304793216
0.14091901502017842
1.0219731230951554
0.4378563760733112
1.0843800693217895
0.19233767500906168
1.0806256137951622
0.17100852611563988
1.2742048509362847
0.5051096476486621
1.1135784183062059
1.8512609071361015
1.07578548558003
0.16128543407408993
1.0499066154449552
0.43328152673432835
1.069005636879847
0.18369102987577257
1.0497052544953023
0.0689281900323314
1.0362976411179678
0.4180404653851952
1.0711247803813173
0.1803436918037552
1.048338641836468
0.12942567428482873
1.0202851063755112
0.432517248236641
1.0906250359355578
0.5263176427633921
1.0788040707999018
0.22086533410496553
1.4548344727761837
0.45567520442617665
1.0720466809016258
0.49864879930729084
1.0713962199390863
1.4625688540753852
1.2623341341042937
