2.116912599318956
2.5064758626935966
2.2890037208610425
2.4071046223058388
2.6189681866622276
2.2314775741386375
2.3962020481645805
2.93636251428343
2.7485546086665193
2.7866750499781774
3.0688946611893826
3.000809329719745
3.02919121059404
3.4285347231550323
3.3253692129611823
3.6749118380248422
3.3241681330084805
3.693233749714036
4.028863822137227
3.5514710033512578
4.376343655843485
5.256873421828559
5.662029775454751
4.965444628603561
4.4383153234397055
3.772923015646971
4.122418839643408
4.097282604839387
3.625944971869841
3.4055582991228506
3.718206810507587
3.794064589172287
4.159772016758552
3.736847590891278
3.675633000261718
3.5678138828114143
3.788966864065362
3.3752696988466817
3.0695325991067874
3.5613683633114963
3.477101669556428
4.002811818072412
3.813908596312336
3.2382583876209443
3.273481827447508
3.157383912020236
3.172291337136279
3.323080094551028
3.5543496851859406
3.1718809560080854
3.2211872650764066
3.3664949590123365
3.3418083160888603
2.9516806433637464
3.072925067040379
3.5741511573540534
2.56510886989654
2.1021783762554724
1.9523279671811742
1.8616595138867607
2.4750285766352187
3.064334430365878
3.8381927881392772
3.125424119370679
2.6233237095229067
2.7358772570219423
2.8051980262713454
2.0520596573804286
2.415531198690992
2.3690414343891706
2.5005213542249023
2.529421026688521
2.2045006365925617
2.0329135287095124
1.953181621853527
2.561220640477196
1.838551931468691
0.8943557125502726
1.3325712614406722
0.8659803225740587
1.1918923106092822
2.016251113625275
3.02051468959494
4.1482892113322745
2.5728096431866208
1.9829517879741259
1.5063228314527919
0.9909516685817152
1.075409501895845
1.5898827299297444
1.7319690756006547
1.3627662366369966
2.166661539350126
3.286926406601283
4.246858043258544
3.434776561022214
2.2256176165328294
1.2180275503789204
0.2262852330190031
1.014778745749505
6.421340629274965
6.929961523448392
5.950589834345947
5.147884005107995
4.5570715836264455
5.144783510143702
5.921077939543087
5.0007120276905885
5.8590173080201735
5.040447031903075
5.997812229731963
5.26805719696538
4.6230365887526235
5.062568940414859
4.6806765580177085
4.170291788935547
4.538900144630147
4.204853415681541
4.854829948201743
5.034261300939079
5.703474206568394
4.689324698301716
4.07174663219978
5.089151140429191
3.45177741175903
3.0946078920123896
2.9670327673852657
2.8907230431776436
3.011690490496462
2.932920533040076
2.6160549886421904
2.5182431575907436
2.3231483653639944
2.6781679061695294
2.341460626423867
2.461231351026959
2.5587257663076803
2.323532895430868
2.3584678869246893
2.693033736822213
2.2961434852122204
2.237198433219379
2.5357911321995865
2.2610920185299115
2.4797570003180818
2.2711689874682675
2.310977524545958
2.5231000491863846
2.399625259232548
2.0090910377893376
2.0814152054692348
2.6123927243331235
2.156449870446488
2.692738417132069
3.733047393979377
4.5976910362001115
3.142123326216626
2.945986389270103
3.2871916536980614
2.988392473575427
2.4229129235614013
1.9619310452491492
2.705462067304384
2.677489267612317
2.2258839196829836
2.053804646277814
1.6623875633710112
1.4414034176353614
2.356135553830936
2.8888226675842112
2.7049073907570342
2.143996084960717
2.0713108532847437
2.7634672056148113
3.101692647799989
2.8812715748788102
3.7909998038767805
3.0806623324275257
2.002659902587033
1.7640912114822715
1.2027058478830466
1.4776040149682523
1.0297489739656023
2.0216887749811376
1.5241260556927274
2.2806948409080166
2.401990423722451
2.284871824831736
1.9425371346439904
1.7301016947946897
0.7894399242848634
1.8915912859610464
1.3059912387754922
1.923082036241371
2.6665525562917587
2.084757883536792
2.1160274913600152
1.827020054054368
2.032264064379898
1.769409436800042
5.109566051306641
4.9445580355675345
5.190084792189344
4.855162465016739
4.229271395374244
3.3793448098860592
3.067140626285146
2.5459002175342023
2.887367556908589
1.7786512398239536
0.9767107942899836
0.9999999999999998
1.0489085435363257
2.004735132051861
1.6130031003668541
2.1806896505581816
1.7546593457564612
1.5289407663168326
1.156651239381067
2.0055621095922955
3.05069028060661
2.6345117359005013
3.4544146164292
4.42708756072851
5.230182500820049
4.441408778466685
5.330320044379991
6.242176620719223
6.837310166926074
6.291144572307315
7.208794205077023
6.180675122367395
6.100632200701056
5.585596789326141
5.822850995067621
5.403887240831422
5.024076806596624
4.508020528982798
4.784562616523973
4.43243571842477
4.172902976557497
4.553726937885074
5.483388151577842
4.6064446224134175
5.292735704662314
6.133925136759077
5.4691379563759
6.029318604428114
5.0463541070816715
4.210873675971674
5.192732795030796
4.36256318481564
5.099788690783399
5.804066991071114
6.669403302018691
5.954003860978842
6.865293771597319
5.6375546408873225
5.182803857094557
4.8414865055264995
5.669848886842185
5.271638480828271
4.449551829659196
4.773797791608248
4.71080195395369
4.018752190781194
3.5176498241939793
3.782746425050027
4.117446955791158
3.8951194929510313
3.448063083563195
3.075817364768918
2.932677292200307
2.278439315946326
2.0533034131130043
1.9422667899117243
1.5620595748355495
0.523733136049457
1.1719551702641346
1.1942078091200439
1.8429758472892166
1.9868539697643919
2.7032323409707386
1.8287800375021896
1.1408847777290891
0.38924197539046324
1.0284489130308794
1.4552981598730188
1.0836685092998204
2.008407001272965
1.032398523525049
2.0043050033350966
1.8326133585465176
1.3909750745353724
1.8190344619160328
2.078395439799559
1.148515721383234
1.4491547410025483
1.0189887908511581
1.0167748696987196
8.10836729801007
8.804096301978792
8.341504477516988
7.724000043698354
8.504920565463333
9.422187653515714
10.627594027744069
9.510205215660008
8.594866073986383
9.4578828281742
7.15064843883151
7.54145188594846
8.673831412396401
9.446957995861741
8.561142558464354
9.547928487191886
8.502114982187432
7.699369801083806
6.706047361105744
7.282343352835096
6.233397145704698
5.678396354683321
4.986599031445543
4.582480281893226
4.408913610582071
4.264920460306154
4.559831635595808
3.72418771022412
2.4420198149724324
1.2938283765753535
0.0
1.0
1.0
1.3916666666666666
2.7592487194080824
1.299066131417705
0.0
1.0
0.2857142857142857
1.0062266500622665
2.0053371286247996
1.1349312855214888
2.0134789819949193
1.0312300677993163
2.015615033899658
1.9253877182207335
2.075395357501402
1.5849609803609628
0.0
1.0
2.0
2.95
3.674846625766871
2.1798365122615806
1.5585494554844506
2.552770692922586
2.106995051162372
1.7827823107894218
0.6863621524308101
1.7977930545242033
0.5136023172484386
1.0175140834132381
0.0
1.0
0.2857142857142857
1.0062266500622665
1.1428571428571428
1.65308798159862
1.838055582552828
1.604195051923914
2.1672140044598764
2.0566133859962794
3.1804580163252174
2.669928562772776
1.9613751272891613
1.6169647104942813
2.0888386322631547
0.6675999414991662
1.0
1.0789707253372434
2.0538495732881814
1.365189957477791
2.1198180711870536
3.453794180272766
4.451073499358276
5.375488439762852
4.593282609719613
5.573401159010956
6.529810493810087
5.47272062973801
6.224528852666121
5.366264828245685
6.289716707319327
7.495029356811621
6.610626613548923
6.400412948521778
7.055164644887679
7.590562635462632
6.898697364046149
5.994699024023491
9.50787878787879
7.868203819864059
6.838825388145325
7.869753665764072
9.01863922502938
7.982026621585963
6.6654804610441625
7.682739046062157
8.693239537799014
8.099898204726417
6.839975725863939
8.106134389640562
6.666413564090404
6.170528844867658
6.890191368709698
6.16169477799138
5.634350639984002
5.751812208227643
4.896815441476686
5.975047740482401
6.905494489189832
7.917187810083424
6.985122381032258
6.0592424257947455
5.024744408443918
4.634260376413227
5.623867115736863
4.852441534166935
4.016959226608586
3.133705092795757
3.5685151824058474
3.8195226824318973
4.87045727261727
3.812809504538788
4.620938859963971
4.397839928135127
4.8947294948613775
3.683751079763149
3.2243799391867167
2.4848084095824032
2.6908138858376422
3.039024580599532
3.2677730460184344
3.8474394951146342
3.8906617904888563
3.958832519345224
4.046095586669222
4.703379238407678
5.082267137943468
4.936248031558368
5.711163869691171
5.127606709917439
4.03344172427733
4.475506550422216
5.538210483480508
6.046855380763264
5.26763629380917
5.923510262153751
6.8994650662619295
7.937944283864425
6.836607189571005
5.819300685628498
5.090321007125282
3.923766613322646
3.6251025082687747
4.182118600527421
5.1279932889506386
4.265692861486283
4.9373422077010805
4.152035532660387
4.923368406892641
4.4176917516145835
3.858059592468671
4.3683676055918195
4.033781397295543
4.069633411129404
4.89873562148404
5.516152477119183
4.559214515981468
3.9427947663081
3.492280817218883
3.8952804521357667
3.3997029760597894
2.7676199203863225
3.716681883595321
4.446199431371995
3.4757419297282413
2.752150314720496
1.8641127675581903
0.0
1.0
0.0
1.0
1.0
1.1958333333333333
0.3404110366753718
1.0897846410052612
1.4987260416653259
1.0238316424176617
2.0238316424176617
5.625955775986775
5.541010839551308
6.22259654644309
6.675269978392494
7.664633068732603
6.8673145509429645
6.891462970515992
7.509071040850571
6.671744265061709
5.560015997544623
4.593238251837543
4.976986755689442
4.523595313891123
4.526459448376694
4.41085191906324
4.23353202397879
3.2451965718278637
2.537190881583137
2.3667355095029015
1.765562878179538
1.8087714362461769
0.9681462811887116
1.3589178493580152
2.122200305159996
3.099370702628553
2.7187279085132627
3.450645697499089
4.577015443917063
5.589480795586463
6.391264087717483
7.044312842359671
6.094371077803844
5.194783114987154
6.113538214364307
5.937191044838472
6.816065791887689
6.315720884864396
7.07918952256446
7.888586607337861
8.729142437449497
9.70162776830647
8.85877224950784
8.127911036777943
8.761499727080093
7.719359627185462
8.847792562175666
7.705947788847885
7.03207135135682
7.899416517372309
6.53773296312913
7.60375867863402
8.746308881572457
8.108667445926487
7.233984433903651
8.298548780833446
7.771954372938825
7.202288241163069
6.3489019885308595
7.080081411959313
7.022931096949953
6.757996690976555
6.886965008950558
6.6962820817813204
6.012447087722694
6.2454177335166685
6.60696927758192
5.4199670748736235
4.799699982545331
5.7450915534457065
4.894901794037961
3.6679440068343747
2.6142408883226893
3.474685371290331
2.217616075350113
1.0066032812549048
2.002592865292597
1.1536216899166933
1.0448026491591762
1.0052278777213035
0.678277145685119
1.2779170254793484
1.077198560148855
0.995763361682835
1.9994587835481896
3.0171225576083276
2.0133951720723315
1.0766433600590135
1.049161431138368
1.5394649235266207
2.0091756513719568
2.1375188116115016
1.8994350912844273
1.3922025366823636
1.1418820936210496
1.4000735443940189
1.2612717011089787
1.8285669789957049
1.9758257034631235
1.6558340737861197
2.333137024990999
6.324856644228372
7.151418457758815
6.364464872167931
6.0092329599325955
6.074354445408446
5.121058610169869
5.8085270607401815
6.896783550663832
6.091304574422565
5.377863312673807
6.233868030159199
7.059975093735508
6.294191264725292
5.367331525147922
6.28106924626196
7.163791193305855
6.439968553606593
5.789500399633461
5.142456454349145
5.67022131551269
6.3830199792688065
5.463961561936569
6.328155470348893
5.204702761298429
5.223425086789522
5.927094085330431
6.829522092586822
7.737405771264643
6.851943328810949
5.954685109884439
6.558500731353282
5.383859225897108
4.728866157462185
5.768207971043003
6.733003081204054
5.526696764354437
5.02590212085322
5.72227605466942
4.918242776708655
3.6472354317749494
2.574082091103565
3.0172897525665716
2.787217877690169
2.770286965871377
2.032635336461527
1.3283938884573019
0.8633470274411743
1.0545479260511155
1.0128255684315153
0.9980871701855598
1.0253410716800266
1.5110030420704303
2.0602004488232097
1.108257437499533
1.034632777224629
1.2381538589326935
1.0488346817331162
1.4256417581628131
1.6408580344422252
1.2067594481503583
1.048202959847426
1.2415212289090505
2.0314146519240013
2.9482188305416233
2.0895429006033366
1.227933028924113
1.5198996666618847
1.4682258693147339
1.54016492730832
1.4987207523664872
1.1441447198020251
1.6440467563080592
1.7085509774545689
1.1180731104251447
1.0227281809163264
1.0686164138223528
1.0506103990455151
1.4480596371434675
2.1336634560998666
2.88320736035831
1.8911585209730977
1.8913761918254446
1.787541499851342
1.0978097824653812
0.6421860985797585
1.0452738462097153
2.0941429018404034
1.9180934558830292
0.9384615422276678
1.3385442006916584
1.2217388438178303
1.0570293879973804
2.028586600022128
2.832421437107836
3.629347185669644
2.5605481728029558
3.538978156685092
2.697810153633538
3.161972432814236
2.1945830730812528
5.840887174541948
6.472794290568591
6.19216838168061
6.508078451425847
5.506576517338292
6.295942866725252
5.498625732780018
6.284676973413005
5.929166100257149
6.2758446794579905
5.545555602197446
6.019818494670378
5.096912389337348
4.243093888276073
3.8164564097154505
2.7890599416077815
1.5269121852241216
1.3301015350557284
1.0498399733099613
0.6637635643227779
1.0319079426899296
0.3296471299105505
1.0621155770611999
2.008275371535591
1.6649299553966495
1.9605187022875543
1.5344490237095851
1.5856769284547227
2.2361846074151392
2.064744770514565
1.2465653915222672
1.4506339633198237
1.198262444753997
0.4731752718023654
1.148771612697116
1.0515675039505967
1.1076897005535706
1.029852121632712
1.0616904202081223
2.0160664846251657
0.977695153242486
0.4509190931280002
1.022284633125744
0.11629007767415903
1.1034972778277172
1.0313420595186502
1.686997845436616
0.19573042801331741
1.0322359134534187
0.38270889704711863
1.0990371905366727
0.37497569865867336
1.0927330135129558
0.35976626559875985
1.0336248823035956
0.3300166917947678
1.318549538199925
1.9097991533518062
1.884745502911695
1.3940645091515758
0.9946907101355809
1.981684105568025
2.7481287510302437
2.2403146576767567
2.2112553077310353
1.8981095737831386
1.8256365646478148
1.2612463781278023
1.932561185792219
1.466585442740537
0.8532033832465609
1.5887718426787276
1.3861791621681339
1.2607863516989877
1.027888389986722
0.4337051175803792
1.0534681924269786
1.1465224241447558
1.0721964802719253
1.1713637289890007
1.6712641697978252
1.4452444344859774
1.1638495526469352
0.40310074682504005
1.0408191665704363
0.0
1.0
1.0
1.7223529411764706
1.6383307573415762
1.0055057417020608
2.0047192071731947
1.1346874092073638
0.30406065067893456
1.020829803431258
2.0026339294249014
1.2615299744250685
1.104106368805926
0.9766234172012032
1.5
8.765034097954121
9.650442967251319
9.55730470417
8.088704381782257
8.920346315004876
7.813734424242989
6.514260059568432
7.472420264350238
6.032479265282369
5.256587381146526
4.925220664809714
4.628411983020322
4.7514807009712925
5.563177738210697
5.037814664956006
5.976746546540173
6.381150111846841
5.25384493880352
4.759809961384142
5.633045337235925
6.247878560260596
5.714531960529269
5.163990552539013
4.886863616262513
5.393168760848871
4.810268919173252
4.540231879136046
4.37697602213634
4.276548230473067
4.765315980907371
4.232995890035576
3.925898092386342
3.228148125216464
2.9240413840410917
2.7504585062049984
2.8254465510104922
3.1196558761121462
3.4217851091898304
3.5537113544094097
2.2631955043945045
2.241270127369917
2.4901844144845007
3.3189169049188694
2.8792020497755693
1.9494017077055525
2.184856232191321
3.357560531022814
4.3516062002594635
2.599612030027261
3.5145057599284084
2.646906887921827
1.8665588604466334
1.0900375136797624
1.385229872910838
1.0728837177415582
0.43301803440958664
1.0531861247416954
0.38827868435972607
1.042635074656554
1.0118472921929267
1.0901008778594203
0.0
1.0
2.0
1.4428571428571426
0.0
1.0
2.0
3.027480916030534
3.674846625766871
2.3514274225975074
3.3016288539848753
4.358620206257067
3.278669187319073
2.011976025885128
3.272444455026816
2.024583978973955
1.8014192138648948
1.909797597522539
1.3140156320405103
2.608118744838902
1.69027084757077
1.0153858408349967
1.9108145733612747
1.0105017468198516
0.2857142857142857
0.9933160520883547
1.9966580260441773
3.3137688973008252
4.312274661925279
3.8229649982988754
3.0286968868227806
1.455668681342035
1.1188934046426477
1.3016192160696314
1.8183365989701559
0.9914058975973319
1.995702948798666
1.0159521347333866
0.2950703263985559
4.137909516380655
4.501377776703488
5.310695325668101
5.989011057303038
5.185389133834806
4.624044969059742
4.263842397121358
3.702605642220517
3.9946487560114883
3.5687121487741464
3.561866665287489
3.675801954619165
3.0579858983618333
2.4096749450080206
2.8255097602584724
2.9440704030763127
2.6649798976096584
2.673625225737146
3.0180589835725695
3.346196248974249
3.200474972520158
3.099540221324701
3.4386207517776697
3.0485571125164195
3.2298172959819333
3.3135478479395375
3.578984059247487
3.7890349867062367
4.19606185374682
4.998560558430576
4.593196504119161
4.647929439155559
5.119762893495204
5.413190892577423
4.422583817836425
3.9257844237479897
3.667464965647902
3.786723453340537
3.606022310616607
3.6243689313482363
3.586427218020634
3.2814341357490915
3.5947089853630576
3.1430471835593217
2.54705463493358
3.3851871062866152
2.691762939827139
3.05447399633971
3.20742556519972
3.484455778934619
3.047863603930876
3.095932834094759
3.383644386987796
3.4462508715124245
3.8837097532879543
4.0962705106414194
4.653164940849243
3.809223527039501
3.3960959266255273
3.2115658176217114
3.161450869065262
3.269469158032855
2.9211144556205184
2.795607660629055
2.7132773787793263
3.743076239591021
2.6592307606288954
2.558435312059851
2.4946857275824597
2.7481643375261773
2.526316964456454
2.240168298401516
2.3663061879381457
3.4450789386150547
2.5918968444205226
2.0247911122721454
2.43562317887766
3.113093872092337
3.2238260471407965
2.686330439813142
3.246237949546113
2.0282188949698807
2.051651156918552
2.7473416243953275
2.223163066565439
1.9781591818623543
1.9189121949848975
2.5211471858857872
2.1848165158312547
1.8771931116866274
2.717202470333614
2.4108390709347063
2.1095920583537886
2.3024190721736133
2.622714535382954
2.7278360081736484
1.8719704162939528
2.405569847562749
2.453551380206614
2.4620581379043522
7.606822709163348
8.871962831835786
8.540157036641395
7.737733904490018
5.504707948937053
6.478795561115132
5.460472781401236
6.387760945125695
5.79778169507696
5.276136375150025
5.6533712512369645
4.747441067644723
4.3205976925689615
4.346247678306623
4.044029701702504
3.9752106622253587
3.8601960804253315
4.114518856552592
4.1266350719925695
4.669298861954479
5.822635451461705
6.427266405853032
5.394079425857893
4.911300678100218
4.192903882699581
3.5132505675552954
3.486512767685707
3.5706108876516702
4.06583919798617
3.8631397315513434
3.5169257908512703
4.1056829250675335
3.5499715755535197
3.922637723815719
4.2847640645710126
4.509378912676092
3.9271002888403896
3.9870982380919027
3.840249281327532
4.122265990608165
3.743515248218231
3.1922446027397595
3.3363963018485574
3.152534942250217
2.6587857070094425
3.082083271484391
2.673042263352062
2.6773834636255525
2.0861668387660997
2.6610326565554985
2.5488744285427547
2.6715607399994465
2.937054615832055
2.2719087280185764
2.105524423781489
2.132201672361262
1.8287298588977623
2.6173446218328573
2.2447129140811413
1.6663103099089323
1.225178520762382
2.217508559816062
1.6410036418515732
0.802060218269646
1.2229355842344471
1.9467005841930902
0.0
1.0
1.0
0.9397590361445783
1.9698795180722892
3.102019914651494
2.1730658390600754
0.9776712527518223
0.0
1.0
1.0
1.0693227091633468
0.0
1.0
2.0
1.4428571428571426
1.1852340145023073
1.080192055870799
2.0090015655524787
1.4564428370606106
1.273340923940198
1.4983416822895692
1.4957247915728469
1.3250525366877421
1.3259961786430439
1.5946362403542844
1.3325743098284621
1.684359731706291
1.5015149553009561
0.9627995416805921
0.0
1.0
1.5
0.9753694581280787
5.595866533864543
5.368735197722542
6.15723269921182
5.489148384672836
6.352796887594028
5.2457447196270905
4.7615151480698
5.652145312740925
5.1247168395292855
4.39228815746148
4.263751319213683
4.635052804761034
5.709552402425999
5.3692480849926225
4.523853113197597
3.8860331499820977
3.790480227521714
3.770346372236049
3.710827047990934
3.8463159068473964
3.547468892369239
3.655108963754184
3.2667825878238967
3.5752018321845194
3.9623414256561627
4.4833208475213135
5.003559020625075
5.694712725215351
6.092207076396375
5.540939795276963
5.187264566902283
4.663855725387178
4.230417860844711
4.442263308080456
4.913293848660754
5.303804611525333
5.230034957654914
4.6908490766245485
5.742189445870722
6.388137895301934
7.196646887275757
7.3656934196241695
7.4806201025837185
7.851971738733183
8.5205531442191
10.099076151328624
9.026862468999965
9.894085028834034
9.094776863662256
9.695532047117895
11.089875077598702
12.21935306261198
11.514849528091567
12.888498437406161
11.596029025774955
10.89232529952332
11.937067649208215
12.103639911514225
12.702084576630204
13.17961857173607
12.57281902989167
11.474170709902658
12.461621822926277
13.223579409683346
13.660514663239761
15.242448985056479
15.657111501679335
14.027104858089182
12.042405467060583
10.196353347135464
11.363261620644993
12.701078289744633
14.185542383181607
13.85255779820335
12.84016633288875
11.828643974946694
10.014080947643562
8.317812893346444
6.476225726239226
5.780099231929966
6.532740355520737
6.873012463417545
5.859361210237611
7.058047119855268
7.758390213606682
6.501783714637853
7.425105114014557
6.276327761142844
5.0126019327074784
4.5332156921450055
4.387321205956084
2.7585123250709773
2.5282692666762445
3.1242323174725075
1.393375208380486
1.857142857142857
1.8506594012871727
2.373249139306801
2.0586726340664296
3.2058381727987344
7.744661517492047
8.783649607407783
9.226256463307237
9.574091063751126
7.543624536031435
7.081057464377618
7.621528784862128
6.983191958227301
6.435772737850644
5.868771830597108
6.526860157841255
5.994546967465649
6.601114861611396
7.249260333305786
6.183664351494416
7.040491669729895
6.251213832423623
7.047069558571418
7.118555560689565
8.198254633432622
7.716737603729788
6.919894007586
7.661087313207489
6.88561642283067
6.307420715060736
6.911921484527972
7.402928832164437
6.294308458078547
5.59460160014832
6.310525283953553
5.674209908495274
5.749418913289435
5.463119888207981
6.552820433880064
5.112864478106385
4.372705392464516
4.007122861093149
3.7854271040748677
3.7532609084980306
3.901686911829615
3.5612503513791904
3.502233101189074
3.60082134345324
3.9653237113575845
4.559323379138003
3.9419034046303665
3.3655673603469336
4.028463420775439
3.5286501109883917
3.475329441278459
3.463844850978235
3.7019891558252476
3.7231448884274894
3.4740100827026863
3.4006708249721607
3.353741302374068
3.2445232889325393
3.5876622841910986
3.806657076943538
3.0486661973496645
2.696260836705948
2.810509732393047
3.0064665191598463
3.207174655023702
2.8984761802883816
2.819006564942037
2.5632657426170202
2.5779004664750884
3.1288199122625824
2.779295205498461
2.491089011328073
2.8757980537080083
1.4455910429170546
0.7877493657768273
0.0
1.0
2.0
2.793846153846154
3.674846625766871
4.785748675974964
6.122312573153453
5.305504813626266
4.030047184953577
3.476807462205095
3.5485824345662587
3.825480471830859
3.223258877055807
2.453440869432513
3.5265736345789622
4.315480293999661
3.448947413241756
2.7537709182439056
2.7833269980265567
1.7683837916105751
1.8339204167813377
1.415383964370681
1.2526639411379437
1.1947628181942997
0.31481638749035157
1.0143554685843454
7.457197974439351
7.967191610062982
7.31229074092215
8.315783247010085
7.363628359163256
7.904687771039178
8.66790238225706
9.511255978857694
7.868531228397221
7.309698269376433
6.331620495856129
6.038044374844525
7.407351860109976
8.621010734800935
7.89919373610619
8.625871658501469
8.159188056277083
7.478151510593025
6.623988843814143
5.883532765801064
5.439517122948528
6.297852720859383
6.843604832695373
5.746866989050057
4.715708628859797
3.576556107418269
3.4321805371402103
3.3629001767788185
3.7314385513046897
3.4494410611276134
3.5721856669273797
3.190086209680835
3.3865556081482726
3.2447948996712186
3.1940632729699865
3.605945929466561
3.2675645111911016
2.5364595351061467
2.937425171825006
2.7077007511285625
3.0569508050295964
3.5218323729479355
3.159372376582829
3.3317709199449568
3.2984179551860375
3.554994102485401
3.1042397098099674
3.241048335237504
2.8533122568290983
2.80516370148423
2.393150381619195
2.9216896098805156
2.8598296318965164
2.484961223976068
2.261300846178633
3.1053893731505804
2.681337120995568
2.698323538914039
2.886751619825535
3.6851288809096068
4.718028915741738
2.8762895282630456
2.9799220714999572
2.9484401562520044
2.1439099247647886
2.392544236464222
3.0106242399772394
2.9532777165489312
3.047273738125655
2.6595867191338636
2.3096776353498525
2.3373034142602243
2.1809659833376456
1.3708435926447935
1.2363307314622123
1.6702902375486228
0.7215943342207038
0.0
1.0
0.0
1.0
1.857142857142857
1.0179196704428424
1.004836738557929
1.2609383158051761
1.2503888922279673
1.1769123554789351
0.0
1.0
1.7142857142857142
0.9514563106796117
0.0
1.0
0.2857142857142857
0.9937733499377335
1.0
0.9371569127395987
1.0
1.0804886380645071
2.0037399806086684
5.512800417972831
5.446350845760658
5.51798736289749
5.446514083886403
5.588742631591932
5.159307922003787
4.672729876126928
5.23003236367001
4.557782987328246
4.280579214089378
4.6444342965388365
4.265981417477146
4.657355918719341
4.881396851621632
5.4318891184309654
5.215866454441054
5.76953266297252
6.539818696887418
7.419660939155748
6.6677423159434674
5.66055876546192
6.286553225618084
5.656475238981961
4.859583415937609
5.4473813317641
6.144690715554707
5.916462392330428
4.845940021632105
4.17017001463175
4.006142144753337
3.451482956902437
3.5664073324862384
3.2046614585635353
2.8888189059793854
2.6119288149130933
2.8933930956962874
2.8835914207627407
2.939637615125695
2.8738742829186905
2.90648100086356
3.3842586320039314
3.161057612661588
3.3090075805133554
3.427596639215497
3.6592483346884035
3.547057046071504
3.712688802989309
3.77180969813892
4.060497196034931
4.29234589733854
3.7668935001162738
3.414430401614505
3.919609342940976
4.4513125511303135
4.018037432359214
4.536384563010828
4.060048963758102
3.451083240058753
2.7164264091048604
3.3317221834060335
2.8093300612744914
2.8654395669071326
3.2214323548374346
3.4063430815246583
2.674710326800398
3.1282428966058897
2.542197870835286
2.483418740612288
2.525061884981413
3.0071827972692002
2.811810106793404
2.3392020099928823
2.595508199078611
2.877224162817855
2.501485448604197
2.697644390255947
2.477944597756123
2.1218428244522047
1.6590128470850205
2.569285830746557
2.0699956411474307
1.7135399865644854
1.8270063699876227
1.3605731046530372
1.428886682933962
0.25306997907320683
1.000187187383775
1.200692701040973
1.0173658693388148
1.6806273380372292
0.5717036089360765
1.0127234306771489
2.006317502011896
1.2613735851019903
1.2497749723907707
0.9483565722933336
1.9556032403832335
0.9341887774579015
1.0007478465871598
1.3618927647075962
6.131874298540966
5.921184056271982
4.899607648175774
4.073391234328587
4.241950723938083
3.5352674775014017
4.521259290413316
3.910095352707106
4.807422877869992
4.130674901654358
2.747241224811667
1.260977600031792
0.06831066456244121
1.011648106886667
1.4716440925078345
1.9967759923999704
2.0150530232287522
1.1467016636693441
1.1195214085672909
1.1921128431201737
1.1840112235393994
1.481275192901279
1.1903906059857714
0.9741586412746253
0.34961866612069226
1.1034335703516196
0.03201876695029946
1.0056558774111686
2.0010131459001803
1.0734968200088508
1.0617481076351651
1.8429213514533305
2.174414154673079
2.0833252819031487
2.7459783161305062
1.6809727459086512
1.877589507069331
0.8989774190262427
1.001958902360324
1.042460402032225
0.0
1.0
0.2857142857142857
1.2995121951219513
1.1489136195018548
1.0367855742845942
1.1619497747459597
1.0506734656438321
2.0253367328219163
1.0333257519251624
0.2857142857142857
0.9923223885348625
1.1428571428571428
1.0308827812414276
1.4980342656116836
1.013154386038869
0.2955710862326828
0.9925338337472195
0.0
1.0
2.0
1.1626168224299063
2.0740093240093245
2.9654155234304675
3.88570119947693
4.309055871146326
5.334655570268346
4.444957787122208
3.2418081379988712
2.8987339906154577
3.244667989412019
4.249641091325245
3.2009194139786175
1.8597054057205116
1.2459485611788097
1.3544346243223957
1.278212347304848
1.0745817838218161
1.5
1.212924992125833
1.4929845610711179
1.017850375419758
2.0089251877098793
1.262052161545783
1.8441069966799128
1.0064890746279025
2.003244537313951
1.734869869274706
1.6390342942493987
2.4682283670237224
1.5032198941594994
1.046201961449769
1.1955196633056313
1.0886804503029763
1.3992802233401105
2.349303485782213
1.8828874960882986
1.6240063412818877
0.0
1.0
9.499750996015937
8.871962831835786
8.438553507939142
7.714998444766101
6.813732084861391
5.927300987239498
6.927122150139221
7.580658859365948
7.845150641403874
6.493945683625605
7.28799585747104
8.504031438566576
9.440632126905959
7.967819380628736
6.922188341099378
5.97669914140403
6.903100110378453
5.660344040180293
6.438548053199419
7.2040475780405355
8.151538459497116
7.362418232937199
6.7749097354784595
6.126818287582242
7.036380555893226
6.199152216560798
5.2823472320811
4.920424990140305
4.431210061223705
3.9554545884858396
3.661217227692125
3.1719637379735452
3.0600259739733864
2.698513250732533
2.9929808144944046
3.323830170339157
2.811354605085037
3.3468296407172877
2.8111739777916482
2.265205009750317
3.4552932139994446
2.600393749550503
2.4783610275073302
2.3865742511891392
2.53903400995568
2.0601578931876543
2.723562472594062
3.7572324668805357
3.04965184567168
2.425766643373253
2.8135994593305518
2.6319297074395833
2.2852741130614396
2.3632626393837803
2.146660817951306
2.656439885667987
3.1803317529844626
2.64856959316169
2.5349670251774388
2.0433126466883174
2.26702856205202
2.4829038537659636
2.6571829852350777
2.46675423339013
2.8133004469027068
3.25955163229007
3.522172002908061
2.9355133501235446
2.5903919194689506
3.1239441893164743
3.5938383405916783
2.8366744159723103
2.223792622485445
2.1175735763912185
1.9412110374090412
0.9571024270334471
0.06606438406395171
1.0
1.412468811953437
1.2322816478664769
2.017325343460935
1.0623336249389632
1.4109663142203395
1.0519542141508482
1.3442408005016773
1.1500144411573778
0.04075528923031453
1.0404152835597047
1.012020163993719
1.034002605331913
1.0808100484078778
2.1591592638830366
2.1599240070499617
2.35124135047074
1.7425424892988113
1.1996296349683768
0.35660680939984946
1.0219446946031314
0.02088023873439273
1.0035910175837912
5.424242424242423
5.603610047148949
5.453274366896149
6.03893763037724
6.508759355234165
6.685149509572686
6.060506315470476
4.945590645833029
4.125560245126999
3.519655724622954
3.686764122583467
3.0625544107330707
3.399966533041528
2.345904152312579
2.4473787360421815
1.326933222365607
1.963980482444179
1.1403693050568873
2.002654355212903
1.0823327507622171
1.0220564936682346
1.0815808796507569
0.320899391560648
1.009511827772698
1.0042404137788168
1.9996146042150655
0.021280534250330496
1.001279612226616
2.0019688389979837
3.3249602114595085
4.307787134296477
3.4936385609927947
4.477001263939454
5.734119496115663
4.855938377480816
5.6573450731425465
4.712017112776102
5.5224508047153895
6.416400485079425
7.304555333163705
6.302375008065592
5.6790446993868775
6.621322764578307
5.744833627245189
6.358680691256692
5.3352016051379785
6.149227445046266
5.005362716450006
4.215644557096413
4.835000375987352
5.939738740412368
4.820932700913785
5.598779909513886
4.649128357720324
3.874963296711935
3.545895041550039
2.910850332483054
0.9698281253919929
1.9741415153504107
0.9414303830232733
0.0
1.0
1.1428571428571428
1.0485436893203883
1.0
1.8558252427184467
1.9968560668085802
1.515054831081548
1.9850883210768635
1.478752533398533
1.8733309174137776
1.0242146342120808
1.0
1.073628462582066
1.0533658983375267
1.965449038576441
2.5245656870357105
3.1389808793644423
4.13494077392256
3.3813142515259083
2.6200711312021774
1.6609393473610994
2.320963841067915
1.7602194911211482
1.5154270489233768
0.9298807772951441
1.5
1.2119023218698628
1.7974708886125292
1.0608940898288175
1.1130415734302388
1.844197285865953
1.303745471434486
0.9661089854329556
1.0
1.0743804982782323
0.28571428571428575
1.0510822292794013
1.8538607447999826
1.078418754039662
4.351344621513946
4.3497164901621845
4.049635454138405
4.024624126757644
3.846886250051757
3.7088330445154463
4.00326723990574
4.6018095104148085
4.314442975133781
4.27063555945143
4.616269141287995
4.978300756385642
4.713191463948285
5.219109007056369
6.001826700952304
5.015026232156517
4.518338833371451
4.087904289747312
4.91133674778107
5.596511538076129
6.158322654554071
6.393073624925789
7.196263830395693
8.029164594130783
7.101684565864166
6.476390845407582
5.541664393804189
6.609279285367231
7.479992301959711
7.027683149081629
6.256868687036237
5.869725604694178
5.462693221568866
5.761750681456125
6.390744652421873
5.768252505403203
6.2908116796301226
5.261765939188179
4.961127546999489
4.576551533481304
5.487932529514277
4.866518771358973
4.159036576366217
4.643353319945643
5.797955413956041
4.645993752941399
4.073630878213244
4.481267594653977
3.98083632864996
4.401924203547174
3.969734466065387
4.996183244755183
4.009654048622148
4.782736772732628
4.249533863470353
4.913977467198822
5.655715536713251
4.692028237423205
5.097832032644418
5.9790171033564405
5.189965196422499
4.526364495697304
4.491498970131838
4.099276910960779
3.853055680124714
4.018954919521248
4.218724454380948
4.0525182026324265
3.936914164215549
4.285895370562045
4.495362111986298
4.890535546609533
4.128077004844143
3.6791014977407483
3.8390864738055037
3.7296684028821683
3.6075570021438637
3.3459323503488756
3.606121087109444
3.3238313381523565
3.294737046041741
3.2757620753985073
3.297149734074412
3.1985571894430427
3.2990679262664355
3.1037671873265356
3.5292610194297986
2.98586637969463
2.9746571116127494
2.83099818186825
2.799895397464041
2.928093163735049
2.690195640938362
2.6104752315860296
2.8409691596060815
2.52252731748114
2.6365930247013973
2.726023752866254
2.1404535867501098
2.3861588054218337
3.0256410256410247
2.726219611682167
3.4237604068990986
2.8387314182858354
2.7333144372691556
3.1256759483928227
2.9981153551329838
3.020241749106916
3.257024122020411
3.3186276412664126
3.8431861522372923
4.626080935738621
5.301518655470746
4.689957318418185
4.930753070362047
5.535599113612069
4.705563920689286
4.134646109545435
3.7848322608979164
3.692469232826927
3.957200759290904
4.550768583363187
4.154078569203447
4.708328279993776
5.366543700739149
5.2847210773725175
5.0470636263560715
4.651846867489462
4.208124537905445
4.33845706712056
4.574268653501471
4.6357486154781355
4.880839763083276
5.029729327650404
4.172203080044308
3.893693503889042
3.801932583084984
3.3211527607042712
3.600129097914417
3.481716840754056
3.017455707358767
3.0152579290032557
2.656179927530103
2.8270302245772947
2.7709785795495843
2.338350599796706
2.1754670479865506
2.9972167217623955
3.662066071849366
3.479557893458999
2.6575740811660515
2.1564632827300056
1.6359070355421192
1.577996420303546
2.1374344247931885
2.701082307317687
2.4152067715361354
2.8550700572587795
3.6883167618510293
2.8634025755501766
2.231679058838289
2.071431963167363
1.260524706265722
0.5533367782976231
1.6170017275090316
0.806008522727734
1.7018614390939764
0.968901627327737
0.31401310231584845
1.0269069908746808
1.0198903864130615
1.0412900442173576
1.1261198532065777
1.077480605525071
2.0656432387040575
2.886873722800293
2.4142429510216163
2.5139242006017564
2.8495466865645303
2.6989426327668498
2.4925474868831055
2.5828242600234974
2.4595051442414997
1.8246587226100905
1.7031967042432157
1.8335173746453022
1.5036330532899014
1.0180894952534234
1.945227578079699
2.548453417734504
3.4813224569779044
2.8890883739042064
4.2147017933687305
3.8112462941778062
3.7899522350069343
4.214444489800099
4.250496142026217
4.792971767008186
6.161592075107276
5.548002133846754
