4.026106696935301
3.3784983244271363
4.16976884954413
3.3434892784977372
4.2300883740070665
5.13379974109727
4.395281222969606
5.073521879347173
4.383399146486248
3.5248342876799375
2.8830572281553426
3.4579560176333493
4.270133753535078
3.713061070305249
4.414952655876073
5.212895680304742
5.926929461013048
7.0883900268589795
6.131422286126971
5.293315280098378
5.483345571060307
6.600731451400093
5.376409216067768
6.369547235888405
5.274089655008588
5.895933454563372
5.127309674076474
4.784744349085023
5.178979391226945
4.344266956575476
4.197101608423219
5.271130190375226
4.622891166062354
4.118388367019064
4.440184486146065
4.184698287928527
4.389563994220688
4.41022715209254
4.460210462852677
5.189742292119958
4.636432915147767
5.166931139625035
4.510884918185191
4.155617516676977
4.415732428995613
4.219520036951705
3.928860561346649
3.3130599226775113
3.4361544113488263
3.3478618935584628
2.6671811320865255
2.621098130559324
2.806130817862419
3.1294601365404637
3.589213339126026
3.740809222102576
3.500671682625445
2.9336169743115224
3.5587281239088564
4.235208942779809
3.585287950905801
4.233973155751404
3.6768224042300934
3.588130990439708
4.15873601913487
4.529404111577638
4.815432906469798
5.245345872505166
4.040978640766688
2.541774805683134
3.1515666860637284
2.357594262762608
1.8833547917906235
2.1530557186422925
1.8310518461730079
1.9011680070646255
2.1142054593211306
2.2721367438440843
2.2801704707389443
0.8367557465070606
1.5927019871091679
1.9575743365838956
1.9323369575557563
2.575125759407391
3.2902809689035246
2.2917954201993753
1.1685715796001994
2.1014955464472966
3.06156230714046
2.0852754925328694
3.043505088356708
2.3353715795849586
3.038177291697177
2.0580688998964796
3.0200288698569944
2.5402344301349533
3.343465252811754
4.040720127070171
3.4241247094742766
3.4044209901162166
3.96480643539467
3.1540255773236954
3.1479060301234725
3.5481870031340415
2.897908727922748
2.7649415473748062
3.138599389891224
1.9621269607781922
1.9157844641742863
1.969176131821247
1.199955647865562
1.4608581939666787
0.8190585787571075
1.2804988934290331
1.5851953955963756
1.377161950693925
1.1771457604913844
1.5959896118096633
2.199391508263339
1.6775013798178657
2.158907181577839
3.243637661925868
2.258337382388949
3.1542531733808796
4.054045886211994
3.483037223543455
4.104915479992997
4.9855735089190425
5.848016305950485
6.746046917917232
7.503595965078999
6.820954668292812
7.345695551588198
6.60910169636866
4.820253831437737
4.522898804642161
4.087736378097842
3.8430697855856284
2.2148820128120827
1.133398678902897
0.07512029880526361
1.0283475685368817
2.022815154435853
1.874647200018479
1.239330410315382
1.8731501658983145
2.046300338262067
1.8740029951641
1.2593157244375894
1.8748366490888915
2.0091093867481917
1.37426726713421
2.006176270292988
1.7635380798152778
1.3063248532476988
1.7666504871355182
1.680493569023403
2.010516368533756
2.0610627622178934
1.9632047201081997
2.100824021855751
2.9993353116149035
2.5371190446799003
1.9096975157370448
2.0805172417972355
1.1672159156658652
2.011882906251312
1.4907105321275806
1.3814798220547937
1.7732282800480685
2.087676080031731
3.0020319870185577
2.4713146189012285
2.406727938039591
2.690398560772637
3.497117349153576
2.8558843264707843
2.9324668249925603
2.689472113320806
3.1436617373151132
3.113630467736146
2.797126999826284
3.432476614537504
3.8563576793955705
3.722385211001179
3.576695072851228
3.2510525594050317
3.2598857804090664
1.8703899453691228
2.5498215947959655
2.0929655496440174
1.1419685205711236
0.3276441121736383
1.0133959064933862
1.0076216339314004
1.0557899599446328
2.0046881965145276
1.1131619649716264
0.31390189873324137
1.3877200404659884
3.3559566787003607
3.8571591103020655
3.1935931511622124
3.120669730202781
3.478657605617579
3.9776632626159745
4.334017739570425
3.5110832735242568
3.159855080177327
3.1071167052193047
3.0212525328052293
3.145609443459396
3.2675714056057092
3.2098298902947615
3.5768083631147625
4.026638299098314
4.5524622605984035
5.39940685187434
5.337060649393649
4.329001514958006
4.095199127764029
3.898570083899446
4.0057458699299255
4.550629630378771
5.181866773883691
5.9694149316881155
5.045497102903057
5.239665253103884
4.668976524157291
4.716886267952523
5.997989252476508
5.799687751472901
5.803876385630066
5.010631080307792
6.759681550296093
5.483920217534462
6.111500731194096
5.551038628281934
6.20695347494211
6.513242280478634
4.460376996066275
5.17657307047678
5.677574500443349
6.104902295416044
5.286339887796794
5.971098226618461
5.199179919594532
5.717627682139667
5.222265674045186
6.1247827725285395
5.35393219386781
4.602709968659395
4.468964977479286
4.260224346491395
3.8910717293589303
5.4216203721966245
4.390503403056161
4.8315927441805755
4.978376384656175
4.665518491235045
4.3397963906342785
3.954754155686975
5.519590635152439
5.86470668975938
4.600783948886846
4.229121695704389
4.035457846994097
3.7299873656990328
3.466069536787839
3.057558351506052
1.9840052463842437
2.095556034569271
2.018349170381901
0.0
0.2857142857142857
1.4177215189873418
1.3581943081452406
1.8410104011887072
2.5742003356461187
1.9108738709027624
1.8899109885133725
2.1827860508508543
1.3455364321978922
1.327671054276895
1.939993337665741
2.1224390160508366
1.3523498760744406
1.4046575415474118
1.1944155687312101
0.0
1.0
1.0
1.0256410256410255
1.1428571428571428
1.429978888106967
1.6993954480796587
2.033083120280635
1.373105815836307
1.7469331894417217
1.849548708733964
2.6623779946761315
3.015778145059
3.1643477505645303
3.7444300154048764
3.9948782465288013
4.312729699790266
4.249868901048278
4.691692628559321
5.064758443106789
5.6658066639892954
6.92294000193041
6.1847045321553535
7.264685316256133
6.584103191210527
6.854390145407068
6.988067001579021
7.229179888526899
6.704983260170882
6.818011628109758
6.713247529031216
5.9309208103060325
6.623657439798374
6.447042115967989
5.594008042367133
5.578418327725604
4.636711649435892
3.2341687206479595
2.886048279498303
2.903212687227347
3.043646414921176
2.601533636627432
2.445354285734413
2.534184892463865
2.622268364078747
2.3561651629613536
3.0983085326029034
2.3273661741121696
2.3710935704193683
2.512648946222928
2.08426805755301
2.3110663976441046
2.503625883957738
1.9279828458435013
1.9172133832933227
2.5151913214580204
2.1197710920997137
1.8492677945575027
1.7596423955296954
1.6288083109065061
2.214026310550986
3.1627254390244777
3.796076916725887
5.025627298826219
4.317262628990952
4.617282178751406
3.904959769384341
4.5759635776469345
4.59134252932514
1.732321199827281
0.8511097779074404
1.2684573381376985
1.3567567855256344
2.200309364124776
3.1856201225720926
2.60751978790355
1.9926008803432358
2.7187867647782467
3.628434602061943
2.530389231643963
1.4521471067734968
1.2932857996736171
1.5895528712223959
1.302435149345577
1.0565128249499036
2.0186227575769533
3.0076248367323766
4.002040141145166
4.9974022294876415
5.973367182417314
4.995137875424062
5.721655188786622
6.679056240635716
5.2379338510901
5.972930877673084
6.608014549456628
7.705803677675715
6.801387290168768
7.763555033207813
8.840239664406043
7.170550056382474
6.341269742302468
7.682069972584799
6.918770872557779
6.048212814272137
4.984352503632564
5.652973297050956
4.50923398225618
4.804404964032483
5.147452674120625
4.350681723255136
4.147293700088731
5.104568854568855
4.1829278876582565
3.425005115058068
3.2356837758525447
3.1003529527433815
3.4996202742996965
3.6203836786888988
4.106428042677235
4.464117833815205
4.668113022527678
4.405111437942447
4.773496404880631
4.57983015039114
4.675496899473531
4.8122017691234
4.654688385570641
4.489747242447079
4.415918862673174
4.130491170344436
4.047011688687211
3.9100011981772544
4.231095270856845
3.8842250608718203
3.5742250167204
4.003005632644958
3.573842975226028
4.0795635836395965
3.3855755538600962
3.6810288317694346
3.8824805979754924
4.53294815897655
4.580701453679208
3.72011355556774
3.5899829880321215
4.103661030404695
4.07224056270752
3.3892827140862867
3.2770260900714696
3.44511905647256
3.0921155184828364
3.107560400728522
2.830530220582237
2.837637898022128
3.883030394451472
3.518678259279009
3.9803356324022117
3.4159941809040903
2.348737599744223
2.0586544489838716
2.346486055890589
2.4721670837017484
3.1392530688222813
2.524844120596379
2.54237289067056
2.5151978879324965
3.526094377018081
3.8554288392026748
3.1260002995708054
4.394886758262414
2.3541252841289086
2.001608080682906
2.0203381172004646
2.564049280730003
2.474058068458054
2.04636371503836
2.2337676673260494
2.0029948059231537
2.5290358893505958
2.0317742963030927
2.124262147381354
1.8013636311838233
2.744010102129052
3.1123851595086713
3.8325700957485664
2.639664338660641
2.2805495969084695
1.8919540062579565
1.993911778189291
1.4241170603681186
2.4396441376674765
1.6679220642127655
2.437467767422417
1.8038866172388224
2.609732882013231
3.3611661888586433
4.027504965684442
4.409940788280152
4.547599542485844
2.752066126288366
3.6384344564287754
3.1229765543755077
2.417757488653752
2.201402462741603
2.514231524991565
2.7974083569642594
2.9349793869323566
3.814547121029928
3.531505861581278
3.293720805200508
5.1393034825870645
5.1195335276967935
5.8115889212828
5.209701284753986
5.3655651593669385
4.449364564656104
4.8036679133402185
4.669457592239825
4.609387037779272
4.841220160749719
5.127571488642103
5.4640519537776
5.902645516354462
5.4299807503954085
4.951432186216721
4.614512204129765
4.433257203795977
3.93552199831044
3.761013015703159
3.206503499285767
2.487225171955489
2.1539763031675028
2.5834203355693397
1.7845463981500025
2.433733585955641
2.088518178309152
2.3994307689575987
1.8819554580778133
1.7016333042095448
2.2628201451858883
1.7539122171292925
1.6739126733925607
2.1224646172546326
3.0183609703333434
1.6968585113621477
1.0164134150118627
1.3216368512096248
2.0790768358672027
2.7596583662406227
3.622183855897072
2.8545167039345976
2.176930652267411
3.070153555588293
4.276107399536164
3.2150539760092607
3.7734060892600056
4.198923624997325
3.454517938083179
3.9432826508132495
3.014411534947887
2.8543665361610455
3.325167328101459
0.778404116440945
1.7978177925604013
1.2346000068548868
0.827088774070635
0.3223191506645219
1.0016235782268263
1.9881373546210326
1.5410535641386103
0.481812839875097
1.1353487199503873
0.001193253157641534
1.00044751443395
1.0003812159992904
1.0003349795190637
0.2861696573400274
1.0004610527232967
1.143004369811806
1.1102717760368983
0.31338217652394296
1.0151775820447286
0.00010548730083652067
1.000031864655796
0.28575007368332533
1.0135838377838589
2.5162348560677314e-05
1.0000100464846418
1.1428624401798761
1.1101734309707605
0.31323774035213214
1.0000042539890799
1.14285922495625
1.6923091978935647
1.3084428624051265
1.1609623322200417
1.8840478639598014e-06
1.0000008634649447
1.0000004530223519
1.0000005177398268
1.14285750914927
1.6000002577193873
2.341666860723229
1.8311893047665508
2.001478310403666
2.30290896122468
2.1515353020891834
2.0759085285221297
1.9870685610259182
1.1074950224636602
7.396094839609485
6.631142609870396
6.285592796740731
5.54348490901918
4.90300746273001
5.5926099816675
6.641631164343663
5.848570516766448
5.1562069418672705
4.687350684276624
5.306582940144198
4.455087236356666
4.388052763616128
4.2277603390911676
3.720614028903689
3.6230206211621923
3.403487984141654
3.714077998100454
3.278836712454808
3.333029811197541
3.2118547364454932
3.203038598527668
2.8679638071878344
2.578666478678557
2.965689730184543
2.963546352191433
3.300160690209822
2.832954456106736
2.727397435002662
2.6763438134513247
2.7465092848792962
3.1045328364881604
3.2391755191504648
3.060700677103458
3.1022637764745746
2.811448021088204
2.6881926972689927
2.900643048463431
2.5540843450463564
2.8349169773998044
3.2768153850083923
2.7415074182230064
2.6553946640972366
2.5060881817398726
2.6672350642056077
2.6633046061891035
3.1944041176315605
3.8797993362827192
3.5438183395009144
3.1426353568080674
3.6058823733669767
3.4400657960843715
3.7477087450273756
3.9848140006013018
3.882894170695599
4.213219926677673
4.782796697091666
5.148681673457953
4.159852173314102
4.971234642974491
5.48535528785401
6.268838801158123
5.2774233289476635
4.468644849966303
4.503023212122252
4.346657482631428
4.209602240226097
5.206236112352758
5.652552748750252
7.184894790109074
5.899419263230311
4.174321412743596
4.0678274478701555
3.9549658593369506
3.927609326822278
4.80013306497206
5.307820423715289
5.812484419401159
4.6147570734461505
3.6508089582895624
3.9124008993006334
3.4332099401704204
3.9012772414052352
3.3121861391213607
2.4839746964396126
3.4261687736019457
3.026353225072145
2.513066635750464
2.418559000124757
2.1100061473004232
2.7575997161509105
2.2111556188895247
2.4927129453791546
2.393464926772634
2.5421664754171234
2.8423444967742943
3.4735504273585605
1.515108169445043
2.37892433670788
1.935554397558332
8.30608146873207
8.338444761345524
8.247633172542486
7.577538824830663
8.23087640248137
7.926505142202899
7.627037634844605
7.504001912873953
7.1411738224309
6.562631522696946
6.9875103814498125
8.095462650514222
7.008451250459987
7.688472808646639
7.14432669456809
6.553573809782252
6.90356678225233
5.672385384187156
7.201615235141671
6.664513588075733
8.1297498637009
7.074362582682475
8.37947038209817
9.613348936357337
10.73395492974756
9.79015694652107
10.836987409929892
11.855964127980965
10.921351023850917
11.904276270693895
10.864438021150276
9.915603790948046
9.09971209800359
8.134051168507415
9.320425581112513
8.425054409500355
9.405963977886113
8.42878189916155
9.43851900713901
10.62345220201904
9.640839005717453
8.785158848077021
9.72662322264065
8.774537522258841
7.647577370343037
6.717541702630201
5.785992954880468
2.3532587459838163
2.9605887388746437
2.799111100932342
2.3620326589635585
3.4982262358810576
3.1869520886591927
2.059514765395031
0.013471256395212123
1.0004156243571536
1.9979989895978507
1.0671131234190643
0.0004338765229529028
1.000063238303332
0.28590554972455356
1.2583187311377202
1.4268590842416167
1.2229378161531064
1.2060527748371583
1.1387728393248595
1.0756882972408088
1.2222876709348578
1.9922974459573486
1.5037494696682865
1.7854892647367517
1.0669460173035585
0.32105373513418717
1.0792532863961148
1.7465092810507974
1.3629051367018017
1.1654129055300961
1.4535578469320156
0.4558209021492767
0.9914349671295427
1.9926431576255241
1.4372591371186585
1.774691888279479
1.3168910951041333
1.6211019046704611
1.4438857469386737
3.047847746966253
2.1040226116912537
3.0261167499534256
3.0829388241243363
1.5021244625616599
0.6806959180712374
1.178859426334427
1.1582886558407997
2.158305329017568
1.1352771907573673
6.955332274137624e-05
1.0000113608672254
1.0000085206631775
1.06667010870891
8.51236849587717
9.196050531766488
9.248622335811776
9.260923331725545
9.189410179225034
7.246665901124568
8.038994076623199
7.257392233729017
8.140804862619857
8.708407733677527
9.667044646592853
8.510391327170142
8.691229850450567
9.457107047511066
9.733245500087083
8.795817725287206
9.425421738971641
8.593467395791977
8.268012415779918
8.362587774962686
8.36835999212062
7.4605966927115155
8.360183304621096
7.750757414545281
5.64057227013617
5.168607632893407
4.044608488874431
3.1286466746138184
3.5311559825846155
2.589148589543757
2.004276751039708
2.099498724950412
1.822161534411038
1.9417905442774632
1.7931277656474025
1.6854710428422726
2.7381898786244605
2.139072958643638
2.6282137610790723
2.3249865634490128
1.6416223608858374
1.9688912196408856
2.171612401896346
2.0994195498484385
2.9879881572623033
2.410047854263597
1.9577405750737502
1.7375311642717832
0.6850931160945665
1.12602618073595
2.072428610040952
1.1250894858914309
0.36949016584679406
1.105414688476367
2.01988901336682
1.130443448961823
1.5025842462134624
1.6254273719883088
1.260507716046086
1.8866071854376842
2.0552111043338415
1.7586594775893423
2.4912429529115707
3.0580240659987297
2.626175404771405
2.492333312883419
2.2838099063958675
2.7349822031517204
2.9749965998802583
3.545016383146375
2.409339836349988
3.297931573740561
2.0910580246987154
3.067899291359484
2.038302804913899
3.0492636794445738
2.1014757098294514
3.2242671198735557
2.557763004999836
1.9271934928848498
2.024448205516078
1.0131049634467248
0.009818494647906125
1.0078545499997902
2.0046701481184175
1.918271227101173
1.8971256750800916
1.8186460863230942
2.0010551978960867
1.783025933688763
1.9746312211741115
2.012831741814715
2.0007388223032234
1.1623818549550147
1.1626154027416356
1.7349984615950178
1.7647799692279365
1.000552082370112
0.2863118446012397
1.0138887452865128
7.9252363219707815
8.615606540084388
9.094900066867488
8.26129319752342
7.720389841907571
9.315679420422335
9.081423073717847
9.725679960426039
10.296457245485934
10.297124003684447
10.816715810346956
9.714897750297041
9.641670581200106
8.153699546635172
7.7544961543231725
7.863620593927106
6.198234386307925
5.505647088910338
4.313724477367045
4.7471681518009765
3.7976539824858597
3.4919808671679142
3.230123209232889
3.06735894211966
3.0616777117412726
2.9585769364585404
2.6728958411813313
1.9721477678673638
1.9598418479312645
1.7003616674509785
1.6778511526228281
0.9868037555249737
1.3753744390819462
2.263820847418591
1.3699479692495597
1.6628729106485267
1.7328010239929736
2.537271550445579
1.9996415272685117
1.956114586789868
2.028763937221682
1.7372299439233634
1.3626956209348222
0.14675549765685195
1.070014752353581
0.35931903121080516
1.1008034887331426
2.019961852925228
1.019765831970194
2.010161475714735
1.475103014752982
0.017803998459741104
1.0170690263651536
0.07150456361463244
1.0123463525377738
1.007414817622123
1.0594957461471861
0.3043333541915023
1.082889119897951
2.0412113771588434
1.1503763559133242
1.7769764600764975
1.1186795241401324
1.4866947652417912
1.2899268392106906
1.1967130023360597
1.6640837638178272
1.8528369572708812
2.217371478558881
2.2066751578005164
1.2162579918613596
2.110976578645341
1.0010825902972091
0.28609548597094986
1.0003186636871713
1.0002368843060405
1.2709519261087694
0.00016636019943255941
1.0000757790457397
2.0000476021244333
1.000051639466091
1.000038469465991
1.270851548423674
1.1917722679422673
1.0000162488251658
0.2857367720031867
1.013578744288175
1.1453945796796337
2.002429806054962
2.0914970766828276
1.0000060848524839
1.1428613020503984
1.1101736133922988
2.000003965934167
1.6119099288270258
2.0846294397994303
3.0066864203142387
2.3534235156724166
3.027608905478915
2.549671642382264
8.083272103845214
6.419695367182917
4.862877585533788
3.090822478932452
2.4478525047558817
2.5568951848544486
1.3456238172040964
2.2002493313993643
1.8620859626151534
2.5724817517424605
3.0119396251002915
2.3102173315533605
1.5336781099624177
1.8609864169007773
0.8832832947159681
1.2709233386945802
0.700669781460033
1.365821160784139
0.6595624735971042
1.1424565472243358
1.5755362767109646
1.1332028652380433
2.0813464858464017
1.300362723523968
2.009755898224523
1.1720864007987943
1.5217684852218571
1.776378532661428
2.4287687280431003
3.5191670138828934
2.6529801980468086
3.3621587899459713
1.9966776934789674
1.1830241426257881
2.0203602435755084
3.002316810337608
2.6138542576615342
3.270265243236501
4.344832089511217
3.7362785868640342
2.9143361016815628
3.1532432001321498
3.1457488561443316
3.368446230338494
2.881685191048175
3.216045674843122
3.226164572725912
3.672375035529735
2.2600330524821346
1.2045164340986678
0.3541592682217926
1.410396825198751
2.496938605918037
1.8402948877924892
1.8010018948944397
1.3017905080296404
2.141560019766706
1.6472218777108332
0.005953644909217686
1.001713350700804
0.0026266532393863884
1.0009778848255175
2.000784846964599
1.464914323822902
1.435023009492251
1.0759795095164892
2.005956829099063
1.619103673163653
2.5378661664092097
3.0259583188708663
2.5272820983218054
3.3707201799641235
4.088110270086266
3.425091198312456
2.8249307998303816
1.022771556829938
1.500180129393545
1.7905133538966436
0.00015048849618902737
1.0000543605338628
9.408321125770091e-05
1.0000614653450413
0.28579730426181954
1.000083848713639
1.0000455568416278
1.000042767877127
0.00010199783661999249
1.0000549086215322
1.142874871971975
1.8571538893920925
1.2247276624851817
1.1334987135234353
0.31855159412381984
1.0873481091235138
2.000004914509708
1.0147586227584082
1.006996963338708
1.0000023601612569
2.0000009075303504
3.0000007988362505
3.3722021660649824
3.8336082826099327
4.073127352896791
4.179679877270728
4.359289152707101
4.261057328467373
4.296681754724843
4.064516807326477
3.988533646777305
4.229502495511567
4.866941315411334
5.457642142122401
6.378353071054654
5.515555170375133
4.420742468535139
5.416662122499542
4.667142041914969
5.535723557513075
6.4233308166673915
7.480292871440807
6.572987739449576
5.436170591871178
4.6509611408283185
4.934051589403957
5.7832877499223
6.895605427200185
6.758060992313516
7.130545221073799
5.046403029236821
4.016576423975612
3.8384582493363997
3.793352166332533
4.034044361022262
3.699009258624677
3.940191346934456
3.9034248275986205
3.6036890021279757
3.8095854111468745
3.7885523310020903
3.295849009610678
3.2650095602338807
3.7748395035826174
3.2057176628115664
3.070100532890019
3.3970169595056356
3.726204288747703
4.608861011096668
4.745406367103825
4.009713504255936
2.7946925597628707
2.6337411106017434
2.9763147776040753
2.933417471525102
2.875053099864647
2.904562108560477
3.554232979583472
3.176109710989386
3.5110067856251925
3.8089589368907255
3.348593573857646
3.811318148144973
4.143511877554378
4.26905238917877
4.5197082358754725
3.378723562788933
3.3437501096131186
3.76328613073526
3.125624871695814
2.4543719896080978
2.9501420287609266
1.8133528606204166
1.8567273793730406
2.257687427401464
2.50926489922998
2.859041360828373
3.098464765150051
3.92270416962412
4.603360920728914
3.685721484596559
4.762658434170282
4.280574990226827
4.006648146455224
4.459053392772944
4.956438239580018
4.526528749891276
5.7691185166736325
5.026781164597092
5.634697431691352
4.428838995582696
6.633722717963128
5.480048190675928
4.893825145737311
6.9044127047359805
8.488222174246935
8.549051762265458
8.084208452382665
8.784703369118095
7.795153423442245
7.410770186694491
7.90909946832795
4.415162454873647
4.147169857926828
3.866627273277399
4.3201130202061435
3.990637349054169
3.970557710044903
4.239068895904659
4.559585387460967
4.921642589804916
4.353496478911951
5.001159143460304
4.288656760943487
4.844918320328942
5.088847706134002
4.861579634253252
4.393895544932699
4.596795044610611
5.059319688880724
5.4201061749817745
6.47870782101636
5.957674829756665
6.896928727123315
6.270353508939119
5.606367500740163
5.408850166495743
5.2654628973639985
5.351123286096844
6.121591287277513
6.072598462483204
6.597101100188715
6.580750391344903
7.13631797102046
6.760397154172839
6.0856135062100405
6.453440056795738
5.027249545556702
4.997105420762753
4.327291454811383
4.488115087339525
4.6116765040019025
5.61323201039917
5.410642274474826
4.503020647680207
3.931773896394172
3.368922745346848
3.954450082563183
4.586268669754298
5.112025405726974
3.954620986059024
3.4214312010209484
2.8511395077772526
2.654478760043263
2.923187024868581
3.6822879918153566
4.16801736633186
4.79849256342959
3.5802404811541595
4.491185370687108
5.067984579431191
4.276507653977727
5.19600331205458
5.83190707797689
5.028172276775775
3.1174075976432576
3.215543671315258
2.37450378964589
3.031022685363591
2.904600795991945
3.296246377427596
3.45204994761994
3.4509161342675747
3.33953045360397
3.285739342042377
3.575367984353058
2.3583700253574404
0.9236651670723056
2.2774566369139153
1.1792555858740685
1.8073461360181013
1.4649484093502532
1.910414185260115
1.4923934711932036
1.1179045734181678
1.1293264405965584
1.1519894731950286
2.11563001568833
1.1247327023367357
1.0816238814878414
1.8354124951068902
2.283268225402051
1.8790635198158916
2.0727271439288817
1.777388774358463
2.1160818619691977
3.0097728958007672
2.0148079208193446
3.00489021505288
4.005775965740949
3.391001465344818
2.929322990159878
5.141317658584373
4.804256039335852
4.192628181090441
4.480902139618814
4.698505327975592
5.054431300614612
5.953725645170069
6.175986754355483
6.754015987136427
4.829712923609734
3.3998902898720407
3.9747805871585515
2.9056592452292866
1.7761037077950224
1.769943074574434
2.350440614229457
1.5018039604293476
3.1190806569310454
5.949712740825404
4.2327913289552
3.1055892936378746
3.4324162161112346
2.914567068455975
3.5898150078650564
4.324353039899977
2.4385036571770002
2.48163939122402
2.874025967432977
2.6318389179099113
3.1044396264503695
2.4349945848081456
1.9216912895483675
2.2854322866856367
1.7548288946375397
1.612171107668621
0.7661851619272405
1.3433753615813673
2.1631818933267075
3.0697219620886225
4.025308885469518
3.2613715477317746
2.6486215417574357
2.02305013802928
2.0652033847533158
1.802975746118534
1.8125200365225598
1.9163844366886218
2.1286835928464285
1.6851099444278137
0.03462944591240433
1.0329083618274764
1.1548177377925966
1.1190212960886816
1.0631190997674063
1.0660258864824643
1.158408144412484
1.0043953781071253
1.5038202014928206
1.0039010179651953
1.5030759824800037
1.2723602162004597
0.002180804977836166
1.0020286678246462
0.28773020576470004
1.0142343374465081
1.0070711984093745
1.2732609996767148
1.2375739514117121
1.0002546847555578
0.28597279572597434
1.0001945989227037
1.5001455916878643
1.0547049647747122
2.004113328451463
3.000020986585227
2.000032553457057
1.124326090791863
2.000016738360361
1.0593853297804414
0.29996099484967387
1.0000223738500507
1.8571602261193771
1.600006205505892
2.0000062788618074
3.000002484665778
4.0000012651025205
3.0000018803642314
2.022552856506425
1.5084950766390448
2.000002235869631
1.653749276883258
2.087996480031714
1.0000015187676
2.0000009341080704
1.1101705718318267
2.0000007205848656
1.058857834195573
1.147709263091997e-06
1.0000004945659429
0.2857148060291482
1.851436580238262
1.1790822097469245
1.6671237085247002
1.2307649979521273
0.6363822816150979
1.4054838412760235
1.2386529424549069
1.1520614444280213
2.0128204442583315
2.796435987218903
1.956266603372678
1.6492562726863231
1.5264200411284057
1.7894170467931088
1.69456823981219
1.2988208175281613
1.8500844590191123
2.105838459960165
2.6173976978188547
1.4232374988591472
1.2302166083014539
1.442042606276378
1.3663002214073496
1.4325718171410857
1.1296355082081113
1.164385535879327
0.28466413870972784
1.2241063319183385
0.0
1.0
1.0
1.0606060606060606
0.0
1.0
0.2857142857142857
1.0062305295950156
1.9968091139989645
1.587007291826016
1.4984517122024097
2.47284706071601
1.5315257477524344
0.8382800178481019
1.8613828724412302
1.0684948427275542
0.3126182545505381
0.9942887526744733
1.5
1.0626846547428512
1.7340272644313366
1.042333177547868
2.00842445234964
1.7894006261085007
1.3827858349354947
1.4900130531642148
1.2838962698721272
0.9733754852400883
1.9771789873486472
1.4220266819492604
2.4310108364746674
1.211199437876455
2.062175126706517
1.5385095494772685
2.52510288584489
1.253030447994547
0.0
1.0
1.5
1.4444444444444444
1.257668711656442
1.1177394034536892
1.7067307692307694
2.4750757810083512
1.3248806794302574
1.474882910687269
0.3234985861369721
0.9882962506736667
0.0
1.0
1.0
1.0617283950617287
1.1454087074566082
1.581081620435043
1.398322688990102
1.5795246294932968
1.2192336943425581
1.790923046713564
2.4004448841826838
1.6083508071431725
1.8354790856404164
1.3351201393317398
0.5398672358586297
1.0747114440548389
1.0134507670948765
0.9842048898029949
0.2857142857142857
1.0162474728608055
1.143478630820393
1.1243624305308435
0.0
1.0
4.0
3.30849478390462
2.9403746465598495
2.791240086124993
3.2653855141184
3.1872057904598536
3.651548191084271
3.2190798999012
3.3202893453214446
3.5364471992183284
4.307911942808923
5.202023448224215
6.138348527889114
5.245676223110637
6.363173837720114
7.234807799835009
6.3346428243129616
5.551274266042498
5.137356778311319
4.694670204782299
5.787871481548452
6.714432836022021
6.129220365821894
6.026100933205694
5.578977594695139
4.894689905840507
5.2091396364156575
5.885030274931142
6.157303499187211
5.258104478201814
5.887664279562254
6.95907045442459
6.1397997724348
5.125758081595483
5.01533021431
4.990039369626545
4.632088683869784
4.299465843610345
4.043065573908706
3.618177283457242
3.043028793059208
4.04378610356808
3.26360164638985
4.360503697669092
3.6718936829045368
4.75399061366404
3.962620453414449
3.3523396032030433
2.7490468355048607
2.207633344908968
2.2779143557937958
0.0804019025545316
1.1736640521238064
2.367636884627909
2.8073200758876298
0.14797538187839263
1.007326438297133
1.0333971934667368
1.2418309753115715
1.5153891175850902
1.236709715616996
1.4426203314418689
1.827082806306441
1.8807195054709764
2.0466424775666754
1.3537591493300454
1.317764013608561
2.33247054309887
1.3340135363949248
1.4507411192902784
2.398980183372743
1.9140060412496926
1.2976508493453798
1.3403379262760022
0.8339864261448009
1.0735907064699817
0.9649775354940511
0.0
1.0
0.0
1.0
0.2857142857142857
1.0155763239875388
2.0048696844993144
1.1545273653719779
0.3195920984307262
1.0095523887429978
2.008187761779712
2.897974493969463
1.996592167367071
1.2425442262131574
1.4993823432275104
2.2097322680289797
3.048055735422668
2.3560521848854616
2.8083745651596335
2.1278927375812877
1.3215526280313759
1.3528154280472104
1.0773112399696936
7.585442138185955
6.6515374644561005
6.11063769084615
6.188482201357835
7.19925089704543
7.012454680699682
6.993877357497405
6.79207506495989
6.817572035635141
6.750833335540884
7.218374848658398
7.109764147839765
6.838648329809316
6.654797410574538
6.603519788078737
6.762533203554135
6.6021900254050045
6.469722706379855
6.688913903621567
6.551164807395532
6.449441043926987
6.560783383845516
6.771701708386449
6.929302202013582
7.02922323314206
7.677964140400912
7.337030428570503
7.17174962330383
6.716158068380201
6.2679369531308495
6.325056473463699
5.401390134407864
5.672079522656695
5.552962398118374
4.890387765422892
3.8988860307110667
4.200855403439146
3.6404988249036565
3.8020292847190196
2.9940079195606004
2.970844254751949
3.4775291096147454
4.361904069673072
6.74885843810417
5.299357252237121
3.925145809436575
4.504741845776054
4.184619155687813
3.355124046183019
3.491481281239552
3.8600380478800194
2.9769761321522985
3.5196675081363433
2.56282646166387
3.026177244979362
2.361959154607857
2.9134707243169187
3.423322017194489
3.8098537214305446
3.4550808459316444
2.7651386936835047
3.2309280614789797
2.6425043486560233
2.920309027851041
3.5674244819875853
2.9606318608191384
2.3689212996519537
2.1927400081367012
2.32702417893994
2.0151796367849473
2.065647641016619
1.9281519720639897
2.0206760828225954
3.0214805405060408
2.304391394554106
1.8578923556419467
2.007718606547367
2.0699804381105773
2.7617952741170773
2.174317422069412
1.8205232480200957
1.8225469854119798
2.2948417811688433
1.6291688353050293
1.3961218455125188
1.4816314094906127
1.5948630233270722
2.0197664090938976
1.8498642300285653
1.5451945104041802
2.07953661487379
1.6023523889291835
1.830796635478726
1.7339767726998834
1.7565830747615905
2.0636987952605335
1.6966994912444824
1.994754815736822
2.2396557319521686
2.5769932850011763
5.472748135398739
5.713260181242493
5.699542740184518
5.834807497200548
5.954649842612144
6.320704116079401
6.026336849326686
6.015263850212024
5.812592982768828
6.138304872312572
6.99823406617282
6.429366822761872
5.580861127067588
5.645006758553436
5.462831107469965
5.464884806341089
5.368545690761813
5.804921771782096
6.535346294573406
5.79556870765045
5.673906812387671
5.507214523242206
5.2707351518073695
5.219273602888747
5.346641879167205
4.895897040751228
4.742044660736484
4.772103836117258
4.7487283722959175
4.2600756497188375
4.781504219686462
5.077597813634473
4.189340927035161
4.9623907310761215
3.4382101657233637
3.9518382704131056
3.3772280614074095
3.2721669586329067
3.2210090260349755
2.9593741463129044
3.0072834564733335
2.5424761217133653
2.9739830574338586
2.2231800465170193
2.4002893068757345
2.409318004719352
3.053133217615362
2.4570733463530643
3.0481307960993127
2.5346997318638738
3.271572955313841
2.6671151128870636
2.2445286742963484
2.060966750130127
2.092377404621358
3.0099144634782165
2.3370337504129175
2.254727772594263
2.063186409447423
2.75828777731398
2.0360241971647675
2.3974332759261827
1.8675859183221004
1.6593316141429522
1.2464162101758611
1.3723558504702615
0.7663212645596211
1.2708206437232954
0.7506959017254367
1.3166211131564274
0.6057331425551611
1.1517911709311361
1.1369563236380635
1.4971266156077865
1.4659415251930032
1.4458727053982894
1.9973933176572063
2.9093280577573344
3.6953854552786685
2.5739625623792057
3.019453466232695
2.754938199897754
3.638839523068101
4.4816835170655684
3.1471611166906737
4.4047152488229555
3.439911307952627
4.613707088052214
3.8220845434878314
2.9155177135428003
3.724102446175276
2.8831037541242255
3.208778823452377
2.8117694513310814
3.6848298367571024
4.633915496089762
5.140195242804534
6.12811625640854
4.800749010484111
3.79409059010276
4.026106696935301
5.038933559035125
6.033330053403225
5.17426732568101
6.007705225163249
5.376847535796171
4.329566602863429
3.59972458105363
3.0499342324590866
2.918713544984544
3.158076714472933
3.657102458879939
4.388210868099861
5.097432300086742
5.994562655597093
7.286320586296027
6.076772727349954
6.903849935913469
5.890596058967154
5.079394525098754
4.419472912220724
3.89842871636834
3.6988682230357086
4.265577841949044
4.596525424331982
4.371459806184427
4.401044085166396
4.835910119398267
4.9627527874925645
5.096795580566729
4.625166959013328
5.0817720379121445
6.137118940212463
7.240757574701119
5.810003742101684
5.261812145256272
5.677965072819447
6.253618324630094
5.4952052361109
4.68580706270867
5.162901606361688
6.075874020519049
5.194218282783984
4.7671549764291195
4.328471598956914
4.037432289811627
5.337527944134365
5.409719685050486
4.637248629676394
4.989232875657358
4.454087966465726
4.356260103304594
4.641201342135246
4.480337089539575
4.398389527475717
4.143733630248312
4.5762202212906
4.242652436677153
3.932153663571694
3.7324342134239252
4.438075831831966
4.039177299468052
4.950673106527459
6.092396880114715
5.301083786296824
5.718636730392155
5.121594453590681
5.660062883458372
5.1112032020845986
4.775891249998543
4.325573564273758
3.6175894508837425
3.0057027633991034
2.3398665899398083
0.7508975269067144
0.3945680748601754
1.3810275968331995
1.646109383333762
1.5799183127703185
1.4354983626958253
0.4984892909875421
0.00023652370429721607
1.0000416414806466
0.2858187296028124
1.0655217935197268
1.1465248696199861
1.3635091755898758
1.233110683167938
1.0645851765067247
1.1428366524228877
0.9238570524379848
1.0000098748956507
1.1016680844386035
1.4997917723229022
0.9562714829364332
0.00021172343467199792
1.0000131498380627
1.000004958533704
1.0247386363796347
1.0261626442756504
7.405058043117746
8.544422105091563
7.851244306102556
8.987231381821593
8.174354864161089
6.566040254274139
6.760832762679946
5.8192858002492205
1.412370326629274
0.46144907851100625
0.4776349754442804
1.1256324127047652
0.09397741067053114
1.0144379435936286
1.9999890943210217
2.575597409676976
2.13594245643717
2.170803384629316
1.6371327981327686
1.3430083782754538
0.017895914827334557
1.0070252351098834
0.005368023020846227
1.0003235308883658
1.000243067004801
1.7913793530892002
2.045659596735131
0.94285459449293
0.0013086134194178344
1.0002163089605018
1.1427764592060765
1.1220970728181612
1.1477761019332087
1.0682172444588862
2.009742195874873
1.009245122179688
0.2901214346305065
1.0068396242817563
1.9967123541120981
1.4437257546604636
2.1770810730739996
1.6787147249524312
2.6373309221289416
1.3058711455200496
1.17733157759371
1.4817463147580683
1.2670832056753605
1.0549053846663352
0.0
1.0
1.857142857142857
1.9702380952380951
2.0008066955732584
1.2388155019999327
0.0
1.0
2.0
1.392857142857143
1.4054054054054055
1.080834776269024
2.0122739680408133
1.0686672777555961
1.4895862319950972
0.9686835873689744
0.0
1.0
1.5
1.8541666666666665
2.0403960396039604
1.3368511001922663
1.6660885821110152
0.9006972519030968
1.0
1.1959204898212203
1.158551003405321
1.0689299553300977
1.0570831872678044
1.0323756942165037
2.0277505950427175
1.1325686459606104
2.0433501134826138
1.073091952474551
0.2857142857142857
1.0027380784306108
1.006528883352618
0.9725484091761163
1.0
0.9694532671959681
1.5
1.6630707180481985
2.031832328172678
1.3634205645518074
1.215072506147875
1.0738919753783651
0.0
1.0
0.2857142857142857
1.0062893081761006
2.00314465408805
2.5608391608391607
