4.650931677018633
4.764337851929091
4.284574468085107
4.345221602326481
4.470369674403052
4.4940267440666855
4.4233305750450125
4.518527004628348
5.066409749804767
4.624915036454332
5.168132419841321
5.331028445227345
5.2393574645012775
4.903076670333849
5.077533545776028
4.969881456031272
4.312046972438791
4.3701477124906045
4.331920346479915
3.8422884310517667
4.006389735472718
3.710773794051353
3.526629850172315
3.5105742767409978
3.6811210900646127
3.737827656096147
3.5721698400264206
3.6432323994156555
3.2781785685419926
3.4595979822505285
3.775848849468819
4.297159265094014
4.559566643075027
5.086123322196482
5.843646233016951
4.469882055638636
4.893425499909966
4.00513379931908
3.4296591735613347
3.4200168653114464
3.542303073623556
3.4412953098456156
3.5705140632192363
3.318005425982967
2.963375895198438
3.088145808506142
3.479741704498456
3.093528911810638
3.2663781666249267
2.8855522258417516
2.6908806743114053
3.5209537616541247
2.9987025865176085
2.898326108188608
2.567823060353195
2.3268724391828908
3.1368613260948788
2.6679488851889706
2.1747413332396297
2.635113264420124
2.3387631472007615
1.982685877254659
3.4151143672584015
2.067584589849523
2.2104974269236988
2.648374724547738
2.301504231755005
1.8775522811396175
2.301704353935117
2.368878146112606
2.0440705488904785
2.5164512139319886
1.9858448837314104
1.9084959152369614
2.5091246708862323
1.9654471081310163
2.160402398265416
2.434318095893381
2.5663569721109125
2.640055295066467
2.2588132479563754
2.5588350031076494
2.3695656119275155
2.591005887466767
2.4305433046796048
2.4594354497874376
2.3335579819119103
2.5723934503557806
2.4037930365071043
2.640973550775406
2.642484217190079
2.49172604603844
2.5926163975350693
2.9517789769139835
3.1425820673832305
3.787750678150467
3.6852463590273645
2.8051370465212453
3.493455637304126
3.204124041249863
5.494178525226393
5.452773201537617
4.7972078964545934
4.752183247197307
5.000246697076035
4.81742811028243
4.352275125862502
4.435081596195439
4.585917061269627
4.213497676642625
4.2324670419013835
4.458611065366694
4.2048644851385335
4.266556879047016
3.8697411464164793
4.3296093291441275
4.2772588531310545
4.160692831746462
4.421938141455041
4.091367019484285
3.907578933604489
3.6992956142182862
3.8875947270521203
4.218331461296769
4.193308474171558
4.041445720622644
4.441676718727571
4.574951499726089
4.268180057551068
3.8142002967396396
3.7147995380676573
3.9880991129810015
3.751301658974741
3.179870400278364
3.4994419159291312
3.410968211386675
3.795970783896321
3.4887296057522894
3.190334890166649
4.080670498060223
2.9762230862022685
2.9288556745345646
2.9447159042441116
3.282016177651685
2.845032306118122
3.1830449132670364
2.900941113953312
3.1887542037437733
2.9443528230231215
2.930180904505148
3.27189149065102
3.373988138320514
3.218966516288328
3.245598430487582
2.9806472887106605
3.4322004482116224
3.0347951022373167
3.119683657921409
2.95481122296055
3.3639651960777073
3.664510481534578
4.057373930492203
3.6462760733680795
3.123377993851275
2.9382180867335776
3.365376377412385
3.102782532147424
3.321646311563446
3.0833817764359837
3.2679164646235908
3.086379200730461
3.3616481308631925
3.9390768237257743
3.1142955854462326
3.7404453399745203
4.548330381570839
5.583618615468504
4.554750695961544
3.8079900370292723
3.3969612298978804
2.870888193924314
2.9252682274823028
2.823010598963302
2.9413559346994558
3.3592038427859547
3.2707900048216985
3.379466546261813
3.5648610765156556
3.675076800957622
3.6499247241019117
3.599858779501773
3.6138151735760857
3.792025128534122
3.9518451386684292
3.4661406723584895
3.72520760279003
3.498178638493531
3.4855807703146007
3.7740367454053843
3.607751244706762
2.2978056426332287
3.025700259890268
2.4689651123537786
2.931175164374131
2.39397211812572
1.942608497234007
2.285468013203286
2.870933381610244
1.980679013471212
2.2632103987889023
1.8004014229595084
2.207310326585489
2.125330411678001
1.2455389320272456
1.2885737446391956
2.0177549609065477
2.554766839526687
1.5534021848463928
0.9137649614029462
1.1648743161097943
1.9197659313771427
1.6557368029661963
2.329974816529207
2.838476604981829
2.52680747566347
2.3547277865860945
1.0380970318899339
1.1705324593440118
1.0690907716173441
1.0667463550191743
1.587422040404044
1.5354738145974265
1.227442198859019
1.2457951699266925
1.1981477971920322
2.0404993526054134
1.3557895315584703
1.1296264181526645
0.9560300023746663
1.0280908941297209
1.6163767931588195
1.3546309552839984
1.2431591431717597
0.0
1.0
0.5
1.0215264187866926
2.006763285024155
1.4631630275776126
1.1416023820403238
1.2302669088457767
1.390929053844573
1.0677720261178318
2.062558793339537
2.733202271883248
1.360052690266726
1.8853905262202142
1.7025012674875115
2.0075236056293235
1.2788118305272345
1.3071650036206728
0.5636404621927695
1.0091050526276846
1.076923076923077
1.34273185668008
1.2031204801247837
1.2709576022655957
2.0826565808268143
1.3316072882386587
1.6360688432617045
1.7153843431561155
2.6937366931950932
1.4144727425914334
1.2823496543411823
1.075114675911702
2.075114675911702
1.266811623522626
1.309153717806687
1.7344059694811003
1.9690860274385351
0.8846041289950313
1.923069419330021
1.7457233691652865
1.121430504530533
0.8867358471008678
1.0
0.85905844197116
0.0
1.0
2.0
1.3846153846153846
1.2286689419795223
1.3263189538554037
1.989306954484471
1.6137632840175036
0.8225540969690008
1.036148591391863
1.982804144973834
0.9498762835393264
1.3333333333333333
11.131054131054128
8.834937439846007
9.080155642023348
8.916358867652152
10.086365292036803
10.421608605516248
9.211592809031913
9.33079042540666
10.262110870283832
9.276561285678838
7.736106904175994
8.069983969684605
9.314380277546485
7.914883388584984
7.629385615277422
7.352333793155113
8.534500184787062
7.658900918460085
7.721121374145968
8.814206266587593
8.596877035063835
7.847205761953885
8.518305404318752
8.280409284376466
9.042424224047622
8.506294431085024
8.899746845360813
8.152500461585895
8.729478754326525
8.13918318468294
7.596995091674171
8.310334473955542
9.15136861646288
8.485476068039194
7.7162934045686535
8.44489894163676
9.382176962069527
10.380978147773387
11.309635963099733
12.615987292091601
11.401900121553895
9.936308818400745
11.002008773673152
10.816186282367957
9.680776926814312
10.054323120900941
10.434274851275887
10.270495581323297
9.457407138637517
9.03326371154168
10.345963672078641
10.058638595288075
10.406840570531111
10.921716821195535
9.920386814387959
10.688860889023264
11.685342024409023
11.005250225959008
10.248763618652587
11.396742087228183
10.318431960114715
9.87623924063653
9.117719202633811
9.477919907580441
10.550310717509888
9.441056627162105
10.294551399048025
10.305037613878069
10.833843906017918
11.890288938020834
10.464374183296972
11.53031490501137
10.208410374920645
10.979135782113442
12.716979435807941
12.494223559563741
11.477455362292208
8.772421652736092
9.851213708003808
11.211842921566861
10.215612124581336
9.408427705312482
10.306322811174931
10.002084710726205
8.638344065154199
10.029047632677093
9.273286781090164
7.654575505630399
6.174942309064872
5.525684961309868
4.497937674362618
4.975992218258545
5.766950872227414
5.787358361862415
4.066541862558139
4.9922283112472385
6.005979256827851
6.0256915133951745
5.715942991107711
6.674398824367093
3.9681697612732094
3.6911817722979303
3.398483615286315
4.086120389453484
5.1479598757764355
3.638698362589784
3.5548428508588112
3.8490721863669264
4.457185624519709
4.536676854943777
4.668013309675629
5.186848698993897
5.860053549890716
6.176572056026832
5.5412340275528
5.507459163795961
5.726360406076255
5.904890675968157
5.478253915966484
5.410650342488495
5.280136832980595
5.337160707705922
5.148456994180253
5.508061759116798
5.865220866074015
6.196177211624896
6.248332664830556
7.022074721291652
6.6068365745231
6.005096539506585
5.630784708109177
5.095919663882175
4.820735120798322
4.8942969073659395
4.920672560474938
5.0509440341366005
5.438221347606952
4.730730251679655
4.66998673548337
4.617280913379293
4.4513970471725814
4.868245260082875
4.673006060838576
4.354911913895188
3.954494007169602
3.9846182362047555
3.882419952530624
3.839780195652076
3.9690830147982425
4.238206227692253
4.157379030392279
3.7177267202221445
3.001814400057195
3.0645251459206397
3.5889596974007016
4.433119282163623
3.770357265678919
3.5690707338191783
3.774930902144759
3.4836171115194245
3.239043595401193
3.6055977674340003
3.112290640329478
3.4878942548948975
3.5432627713010607
3.5774632723551187
3.65280972734587
3.6042201324885506
3.8052341638003986
3.4167322422663147
3.6809279364235454
2.9550099902761144
2.720759505413162
2.8102214373129617
3.521894321595086
3.1211946104724997
3.0803267751038446
2.8561767201431483
3.2840771817180654
2.1275240550479912
2.5048359643001596
2.6357616657615157
2.565521833647043
2.407424412524362
2.6925750552483017
2.7883026621405618
2.0593152542369206
2.0996924910121075
1.7053376470309871
2.3598097607875252
1.717841501333902
1.8606889622307126
2.4577155709024887
2.5285892358230364
1.7274802755458394
2.4557438684122865
2.507402528962267
2.106613137325821
1.7304155124618479
1.6885502778382746
3.4326018808777428
2.982566585956416
2.9155145561279494
3.6017661215616723
2.698579490632987
3.7067631919513513
2.4418972094355107
1.8842238643288312
2.542811428182076
3.0926134572168595
3.833588184298498
1.787082807165815
1.8641640173953697
2.462375609320696
2.116580517990626
1.55050407241477
1.361746094052283
2.355678481158389
2.638795063858105
1.3629617312317666
1.9727065759326676
1.604322046263138
1.2761288374895878
1.2342372747320303
2.043823713716535
1.5563498654661458
2.127066177311596
0.9573216248919938
1.9515763807477993
1.405817831022006
1.2375858920229876
1.6325001201124887
2.042206808877102
2.740300139264788
2.043790138972456
2.365466504215168
2.9083327353531363
2.1284862153907196
1.6687420075742228
1.5644895293461136
0.8643560950947948
1.1043926216906292
0.5869939492572503
1.0569573325280386
1.083269922131039
1.6767951133961136
1.732968608893525
1.3087047857426573
1.3724273796894881
1.4746737336846416
1.5252954637037097
2.1168431652839037
2.6313176932603493
3.4821460235933896
3.2411571084271458
2.9871435337036694
2.1702511789371037
1.573483129319328
2.6146720241262855
1.7647247753969957
1.6622653527682234
0.8630050409822312
1.763918772648853
1.1974547925027224
1.1193358039390586
1.2328308604256855
0.6100329037290361
1.0498458472095389
1.0829821287373962
1.4112096484473942
1.2339946936425037
1.181598850446305
0.0
1.0
1.076923076923077
1.3846153846153846
1.6025641025641026
1.7652284263959392
1.4762003225673048
0.8273402674591381
1.3460391117003647
2.1781569965870307
1.39689497716895
1.0778763538832967
1.225124025779888
1.7344728303972055
2.30393405653121
0.9737509244367826
1.3333333333333335
1.7829357189968538
2.0091210929249317
2.048557553364674
2.73260519743346
3.490649601276529
3.255707170107399
3.6163501937611624
2.4195281661364545
1.7751869423661297
2.2807350602230345
1.6405546499522485
7.487142857142859
6.893182174799937
7.725600034472358
7.760732343541292
7.3200215614627275
7.0650286612050595
7.058513877741795
6.648444358678418
6.836755434559796
6.694457086065532
6.195818206572602
5.5858716226751675
4.949475546172532
4.856105965534465
5.136355645517829
5.07509273804707
5.635847877537658
5.444816670098702
5.41602329829584
4.94034392324049
4.543584277673469
4.863029525206195
4.501028941436894
4.512776385378845
4.429115788529637
4.931597186627275
4.694395741318247
4.315990970015317
4.826210081716239
5.253103472978836
5.668170115114719
5.193577588148433
4.844456070023332
4.978725935333997
5.084563746973992
4.747971127874461
5.14646220821615
4.751807235995974
4.882291114672959
5.269736962505445
5.543178261597999
5.356831172306429
4.800023314178514
4.8485133091997
4.445019892865743
4.689330433188524
4.544082345741772
4.851440476066776
5.779749398095045
5.404422649160369
4.408154409143727
4.567177756119442
4.370091827107359
5.207269773467172
4.266650128366837
4.657642306862554
4.154433260290157
3.878545847837002
3.8605522047985352
4.0835590208031025
4.039094954311251
4.40250159958646
4.144670079450389
3.815822121240441
4.258280764050199
4.4564494272296375
5.402112012644483
4.5071122668124595
5.517313532051597
4.601264736809048
5.51172052535262
6.450114347359681
5.645361576494814
4.773233416157803
5.608846334802967
6.327862138177533
5.4818474656796985
5.048534960942227
4.301239762433191
5.184530030805301
4.872138490396347
4.931858753853104
5.252334317782821
4.743334210829753
4.483211334444046
4.625804249264087
4.664149712257275
4.6806542296623945
5.1410374835176595
5.2691362301630935
6.386782731962704
6.508201453961622
6.842921598818893
5.656103234758471
4.517869643025937
4.1049924856704685
4.343031183369431
3.3712469672456336
3.1474285094112453
3.295866535508928
4.786335403726708
4.674278328306765
4.555336230035025
4.573034559628698
4.461623369672654
4.476505822911145
4.698479185145053
4.559736293211148
4.85248258504407
5.43741436255877
4.971807312050874
5.566606314154104
5.01839707745724
5.6408734550746935
5.991082307076102
7.052448066454388
6.412770724758728
6.630420692959552
7.014103038714801
7.253002558393059
5.942099871203239
6.025040461223392
4.801877856242664
4.590745719004452
5.0774839767707505
4.846734751820323
4.706646087606927
5.16549809365305
5.282588617961394
5.091034866603588
4.947254500502679
4.4814407503415
4.650727955787338
4.710842009802283
4.511441396387833
4.900437519367485
5.02040318658679
4.267556549351575
4.583676057037383
5.155299129149931
5.323598775650632
4.477517865469784
4.9046313884184105
5.395204007493789
5.658256772995921
6.130642992660639
6.7612681351350785
7.737630399154547
7.173941539234251
7.391610754038107
7.486794309609799
8.232766274049103
6.3415814122580265
6.0962334484473715
5.212516165124454
4.4188900130800315
4.705329996135647
5.095158277068382
5.044540792630537
4.656819666546719
4.2897212894330075
4.404600267857661
4.851529638462843
4.469615197174608
4.51242127932272
4.823791254080652
4.641605965903692
4.241218496871832
4.633329258481751
5.078547752051383
5.413510078283816
5.642367043804444
5.9885929245572065
7.0426868366493025
6.153183512809832
6.306816745971675
5.872716599726021
6.735537387417258
6.4015396674863325
6.099993355041271
6.62614233595697
6.201795215381388
6.687825551736419
6.269639943601688
7.328456495321466
7.298866368702227
7.281273377508922
7.962466477367703
5.64120315508821
6.516428196912057
5.820396096116052
6.801622008377567
5.604065988002222
6.599946690793494
7.245440928065103
6.2607290533596816
7.1222856213827495
6.831910858929385
5.648045728849462
6.414487598276957
2.2978056426332287
3.4215102237964907
1.0443066016836509
1.0769230769230769
0.9399131356656749
1.944535202152931
1.4310313233132714
1.1970931254265238
1.1354054671768175
1.925559750833055
1.4531008889063841
1.1663293871821443
1.1053836295281019
2.105383629528102
1.2571732879295379
2.0483402563814024
1.3767012962512306
1.2424747663164648
1.6448129356612708
0.0
1.0
2.0
1.5833333333333333
1.3852459016393444
1.779130434782609
1.4514951655247486
1.4662016653905054
1.9772668848125143
1.2515615128254831
1.6530418345057079
1.5772277995393598
2.043485755079703
1.8514651618076712
1.2699116569224747
0.9672087557328906
1.3333333333333335
1.08053574759077
0.528651131888538
1.0204250944842035
2.0041254293073343
0.901868317608491
0.0
1.0
0.5
1.0371819960861055
0.0
1.0
1.076923076923077
1.4725274725274726
1.289171974522293
1.9043511744320372
1.7457483877678386
1.2913078439137549
0.6219650046921381
0.9941282621620214
1.0
0.906471862137828
0.5
1.0424510062234653
0.5080772126627087
1.1674261955646366
0.0
1.0
1.076923076923077
1.3846153846153846
2.1126279863481225
0.8893617021276595
1.0769230769230769
1.6497545008183305
1.7491966686340088
1.6773528455676083
1.191392270011748
1.2035070857739494
1.372050315105345
1.1287665246663852
0.0
1.0
1.0
1.139240506329114
1.1374269005847952
1.1283107710417892
2.1184407117308823
1.635124734006429
1.7592129483202663
2.2978242987911672
2.828223956629711
3.7003827441074546
3.460345275881231
3.05671260893219
3.614883899299548
2.144578222142469
1.2149979821748995
0.8964623264336695
0.5102392145400096
0.35004623172064786
1.671861467778314
2.1917540509431004
1.947969222319753
0.050711498332462905
0.21322552307602535
4.461538461538462
4.414883600116886
4.5481072309084665
4.388421478741921
4.318602814828803
4.1750898956522935
4.047022466832741
4.079284500299447
4.255843648107663
4.348710117043858
4.223297890743826
4.415132814866459
4.549209765375015
4.352076302359648
4.183969845474761
4.137971526832181
4.491379556073209
4.146388642264756
3.911508151157474
3.523210825030596
3.9308311640133025
3.869078694391503
3.9974915892034946
4.107325139567917
3.9610813306740598
4.106378207969828
3.9790579814011178
4.112569874623109
4.468483729666418
5.069425362366918
4.444795525107512
4.038738175511658
4.491519609437885
4.884993898360016
5.760148602329347
4.924322601479294
5.920564910627491
5.222640197226078
6.045574117272502
5.893496057228663
5.628305322493011
6.406564207544901
5.360888471474138
6.064020226916571
5.595641401178905
6.376660091130143
6.65062924980093
5.457673672333555
5.136706269288242
4.8024452393748165
4.228816233783696
5.011102332712722
4.07791157307231
4.5714184386865515
5.030993040945057
5.545743842034447
6.309293291327312
5.485217852999562
5.885069865064186
5.874193538344478
5.073464378349793
5.386231224697225
5.051468987969426
4.901526527286807
5.175226986943762
4.740989071015999
4.731136914882344
4.466526876543206
4.22217991938463
4.427295902223809
4.283479093863257
4.465651762485738
3.9854897116365655
3.9230347472502043
4.236454565039046
4.215087282350537
3.664702327786385
3.45083916594405
3.9281918929371002
3.2410700603451685
3.218714956942669
3.419049615046322
3.721156583766248
4.257269391135381
3.5239191918612973
4.036151445588047
4.688021148923436
3.9221730059189506
4.411758059338625
4.191666408953556
4.770868026775055
4.529494313080377
4.941520760592207
5.8019676830628555
4.858674461909764
4.842828133905757
3.850535178652769
3.2603433911816158
2.840837326246818
2.560102811904227
2.542443064182195
2.7873323852092646
3.0941340882215935
3.2598632282403073
2.858458941758295
3.221843340217952
3.286484263891303
2.9050917645214267
3.3931218442696407
3.965914646340657
3.3473091394846097
3.1992844230482884
3.0680088756382937
3.2899142156011116
2.9477026775851116
3.221355414909788
3.307771805029804
2.726075262951193
3.146415295040557
3.7956986227569294
4.475983574628401
5.276582818531282
6.161165709192439
7.146162032396099
8.003006575472757
6.774832827306398
5.418379745841702
5.7504475742377315
6.187015862853698
7.311752247112322
6.6249979628133815
5.580475390661657
6.241517249608804
7.476671377600872
8.423098403122362
7.836255114465002
6.609324242859041
6.44982096068049
6.0629160291005295
5.3681646932594225
4.916919219753933
5.102660433377881
5.7867858764393265
6.197817190023401
4.746934308736635
4.517041329931012
4.496828497838615
4.479208683833663
4.69364771447532
5.284122116712323
4.848345641560161
4.51214987692315
4.489341404590025
4.814168637676681
4.345094887583169
4.67379704897169
4.6390222126416525
5.309001996038579
5.166761590794914
5.303392371845115
5.35997696451719
6.372080402311119
5.890481391136262
5.4480217276996825
4.843723728063591
4.6454291184909335
4.408553424472579
4.954493159707166
4.468156269765372
3.7151827098271872
4.291126406992935
4.10063574181288
4.46224787476119
4.102987807462706
4.439296266339441
4.248171146535045
4.1742991554643405
4.1830128963271855
4.283256563955301
4.3530029204837986
4.212370604242919
4.1208198519223025
4.54283832647102
4.5804489317564565
5.233819882873204
4.766048259115059
5.154794160602915
4.83731881374406
4.549914887243173
4.149446999767538
4.70231093036731
4.514051783679485
4.552383339191723
3.6719722778762915
4.223068253624325
4.168940377192284
4.426967758309537
5.505355522405962
6.5905669500594435
5.774780110349038
4.741935483870966
5.551107934238741
5.55795672183632
6.4768473317056605
5.945717992026908
7.098642235046809
7.409342122423116
6.199002820796008
6.462139457891421
6.240365752181491
6.747506121599384
7.4457556059548535
6.6893171374989375
7.3670260489239245
6.905616226092738
8.010451069501428
8.498744553607446
6.978925117661883
6.213797726631112
7.002262348798365
5.684848603176475
4.8877002639265115
3.2518267230829925
2.7751390254538486
2.603616820262316
2.771828693455811
2.1933309566815056
2.1637791702457
2.499267998347607
2.9322103584961368
3.469576275302652
4.1196248976296115
3.5425007468088836
3.1861199519604173
4.065609629736889
4.820068350966365
3.950010604182658
4.4590046358751385
4.001830890237122
3.857084555304836
4.428459515496577
4.0133137993962835
4.158169486040711
4.475392438125053
5.173843980536705
4.316970008165571
4.370900395885099
4.005116474362786
3.826525866781352
4.277446196672647
4.407568841492484
4.229277850456915
3.5568681148565418
3.6248099932379634
3.628856997342543
4.152245706068888
3.906630328862612
4.434129355082651
5.331549048579243
6.364571701565016
5.109065834553706
5.888115260646175
5.35777301892283
5.891786704945469
6.776923378516289
5.80188858709696
4.959588478319392
4.007983356010209
3.462025434449327
2.903718766188523
2.3259824522973194
2.6563476456758965
2.8977164759984304
2.547592849947798
2.865518817218253
2.4718627536952997
3.0983882578661004
2.468295886178536
2.9371802479174787
2.480085002740507
3.522918933328949
2.584355971086594
0.9847558773157484
1.0861876399151562
1.6124753072377973
1.9816372013004302
1.799363478502951
2.064170750219738
2.9955227747334017
3.988212789982187
4.9845445402867705
5.984031587071471
5.00191456440395
3.9884001504477795
2.992876482925438
2.568148229036378
1.8671677243004778
2.499218802425166
3.322342501781255
3.9949278066960283
6.4425531914893615
6.983682983682984
7.65471231211884
7.36232120192788
7.149635677604699
8.033656581548621
8.812675820401623
8.43912892424606
8.175801985202714
8.357475565502316
8.704834192393507
7.49904364275945
6.4819411966507
7.413418102839955
8.627078651044052
6.909318034378138
7.193210435838152
6.731247018201054
6.937223817027336
6.45927042835363
7.513376491271428
8.824048262261348
7.367624734695655
8.350556847932598
10.189554542599916
9.720538458806613
9.052910841003234
9.415977007230763
8.537843771629971
8.389381478703411
7.879655693829637
9.225857689168823
8.27480336989305
9.091703189576501
10.085722966521933
8.732418515728128
9.484942656425616
9.166050578952593
7.934056986851014
6.944318545629897
8.736991224093718
8.49041008937993
9.575976017761276
10.101803032955582
8.578035718815062
8.689166677984018
7.611691240772136
6.304678717719788
5.977272321651293
4.486373299977769
5.291603941334612
5.477575148348714
4.7991237314208215
4.492706526856722
4.678361447911123
3.493412892678413
3.7870542705121983
4.589818296105821
5.5897749437359545
4.6599258894827695
5.179089970808075
5.998801992874277
5.347674579455557
4.909137392035385
5.7555632398069
6.1539785059343695
7.064176426987024
6.271025616169036
5.7544657717161565
6.736250041152486
5.461452956984901
5.807876479570315
4.673961690456285
3.494030375884499
2.5178114648825765
1.4686302942730283
2.1063195518502194
3.1426851970560645
2.5647420285905898
3.3111348989179223
2.081137718357838
3.080674389350832
2.5254918921461758
1.0282237336693807
2.026645245774294
1.7565600170793672
2.486510490973594
2.1417285401784305
2.5281972274857067
3.1334237143718027
2.5722336484319133
3.3998659828630404
2.654727852938493
3.393914760925213
4.291972466843682
3.7349093519258947
3.505963971652224
3.428120848664062
2.844816792193463
3.182484627232346
4.106100795755969
4.338541666666666
3.7161617930309925
4.021480435659541
3.5610133965187276
3.6829157691871677
3.5525808819249542
3.3407172553660587
3.489094003987945
3.661858364329671
4.172864284634714
4.083326181474018
3.487536950910433
3.6927718937059675
3.9798729645376714
4.210890879345614
4.1708732759038885
3.6894291623017037
3.753474572518196
3.326467825601624
2.9523291310152766
2.9951651855380943
3.6593580548576354
3.0195750467903157
2.7016424202930653
2.4359571283287407
2.2267308432451483
2.457173537142329
2.2053126157841194
2.58625710047374
2.037253627413505
2.4735922593525244
3.0904972317551693
2.9234687026586395
2.4472865519931815
2.2221198088993392
1.7889792398946265
1.9645746316833808
1.9638598980473025
1.950758972241425
1.8842906195003801
2.183430565294372
2.7956508951670167
2.0065750301438876
1.7253134173613183
1.898049530175359
1.728830107019731
2.2958148445200055
2.4092363947702427
2.410796789134921
2.336760293444823
2.2559691734312204
2.254355549629153
2.17035451795209
2.3606455660746275
2.2226020262361086
2.635802435546317
3.4614698081077093
4.400216884665468
3.6005660879320653
3.2284050717251125
3.619364769306975
4.586051211416751
3.8953894941019556
4.548331504632453
3.9502315847626113
3.41070879624044
3.983925729755956
4.6793420533301555
5.649789897512923
5.072586545347364
4.688698665458363
4.184745687636099
3.6749374100639702
3.146727690349747
2.94884274606322
2.2049448982146935
2.37700256574943
2.2765871881411837
2.1990591598009424
1.2148732597785024
1.4387152454640433
1.2896029585155948
1.4656980530516441
1.2843826721492062
1.3858866190605021
1.2012457324974395
1.5866557264306784
2.421560551625218
3.0593763716185056
4.036421451678477
5.017109087965253
5.901748113495448
4.823884857952884
4.413627627365334
4.217284008911231
3.653325831821927
3.5359781831606796
3.6721061548927687
3.880330153524078
5.091849935316948
5.460323997803405
5.466079883691232
6.048931313371271
5.248335211486183
4.7800616494444546
4.516314525757361
4.783706705075827
4.446629515884185
4.83491071491904
5.286113204565425
4.96329793814449
4.363445486626053
3.847676491088205
4.010104844315133
4.259768868005521
3.6994860900737625
3.8212987536221656
3.6905807591169166
4.131509996803774
3.683213149654208
3.948957439688634
3.711967672503009
3.903320737666383
3.952889878753607
4.075087956159623
4.830828870717657
4.044185888516685
3.658952689164523
3.863729116667253
4.069698380732196
4.733348553914556
4.21661069220591
3.6744731399995048
3.8218652725531377
3.8131071450468674
3.8145109763528717
4.19443342556835
4.664476160148151
3.7903454124747267
3.5152417607577786
4.126713693816747
3.801775726429341
4.182981061176827
3.8370977359887415
3.666370184412043
4.644466074540272
4.803689574195066
3.3793071288434158
4.274098494216672
3.771915725500402
3.1828610506257196
2.8966797920152154
3.0630970104546824
3.713778214738971
3.0028170151494944
3.0293246457691203
2.9009128470390566
2.679148993858938
3.294792251324662
3.352419142307806
3.5683948925317086
3.3346343414425594
2.724001238987727
2.6639889275073956
2.9107841889088846
2.7800430624515418
2.8632085608466245
3.1639438756625125
3.8697413771258127
5.224857189287639
4.832338620824836
3.5728574729639084
3.1012127940676257
2.6689523290894615
3.219524786865564
2.7247926385791246
2.361380889183038
2.455713505208075
2.8292604180605387
2.6194845054597646
2.468046893334714
2.540265014453894
2.350922606248793
2.592100101671542
2.3322314532037747
2.6542278961505295
2.5684046780487737
2.736564501474579
2.466675684247116
2.39143946418959
2.3955365752909032
2.617570383201491
2.4411477620443365
2.867666753328384
3.4697440062520637
2.919757528698211
2.5359413147245196
2.3337706873230144
2.9409314460121108
6.143820224719101
5.60721062618596
5.145430754492137
5.677797509372871
6.235678168360629
5.478840805457106
4.993643739506241
4.651505235416288
4.946998235675212
4.989354281718525
4.742319294722605
5.211407986668327
5.14338065921606
4.498282887191575
4.294369191307361
4.1725118726452175
4.256766012118983
4.228689326870067
4.068218808923072
4.063376826570538
4.282135592910439
4.334903947323744
4.315781732027146
4.468178435272191
4.213316702057011
3.8270553665107694
4.056000028951365
4.435939098308305
4.670408156180947
4.503552902981924
4.187240917201597
3.768865145120506
3.9643613779379216
4.135983951968173
4.817402962688122
5.178302463808741
4.791782875540959
4.034903814958696
3.546518236918296
3.3080911405759053
3.337924579517395
3.252051177786529
3.7868077162210105
3.5791475308646326
4.405179396154413
4.010623901771442
3.432225900205762
3.1238025239491067
3.3547534271143786
3.03175500235737
3.1916839786054867
3.772512373018512
3.738565225502463
4.559953530874171
4.943563591109007
4.454458083657043
4.129292967242435
3.437981650799607
3.716547957940447
4.050084969161518
4.223860868623372
3.3473887344407274
3.182540378793744
3.2453230044494337
3.266101519768169
3.194416325297528
3.29169847724364
2.7744376262157866
3.2115812568900193
3.826962617930677
3.4658093001648806
3.5864067068522583
3.30501922708223
2.9289740182024726
3.3328519920743105
3.4010181900499425
3.3773310333567865
4.381012299068288
4.017161860810776
3.4314135278148963
3.1891814505845275
3.5264811804455753
3.420902376717298
3.2787079000875643
3.3468327906358066
3.4558108864019323
3.6641948565673896
2.9235010071247234
2.772815159921495
2.7281055467944797
2.535114914666106
2.3783956713244816
2.3625988792330808
3.327112720535996
4.26224554233958
5.170345794975265
6.138872045671922
6.9293568629832905
5.773877933913768
6.769683014770854
2.181818181818182
2.184502304721565
2.536970612398036
3.0840660208357207
3.7704588852090923
3.568807272284702
4.217571297437591
3.9943699898765024
3.8556428455741116
4.138687726559633
4.93602414500393
4.888541840437536
5.635394564005445
5.547505805512133
6.474368064833443
7.701968526839663
7.18564731054599
8.305145112030278
8.042640548824872
7.678870912654352
6.271123940619862
6.140006904222151
5.9704820023975635
6.280640120795672
7.471794354251621
8.248072588771691
8.76259989139253
8.187957273386305
7.941583570793826
7.579245748612704
6.600043709819337
7.47211011137183
7.03971747382247
6.822684273468434
7.8875786891450685
9.046883261864547
8.187338521662223
8.883136832359769
8.94740926928868
8.916394257987985
9.092587028967824
8.524444174846602
9.537711822080068
9.625750563795377
9.875012767387734
10.713828498975678
9.75144717004778
10.412623200886813
10.378692242039694
8.52584242662305
9.875223720096145
10.848717919847168
11.056195382830163
10.691103400842316
9.603282919867159
9.032637469353888
8.775290051722017
8.261593511317859
7.311253241189268
7.237150273192986
7.425489711853697
7.2738304155354205
7.8066241170934525
8.882320577623192
8.297486116368445
8.76572741136707
9.006443758616959
9.868544871835983
10.790490904789628
10.615805805696507
10.44660721014246
10.40113661431605
11.424339101953272
11.067052990627246
9.782978698767067
9.339544202763957
8.11051160630208
7.340717146366886
7.886259308291146
7.20161199568802
8.087546293246486
8.830698945738591
9.673042069053079
8.744004657072045
8.006519346667417
7.405907510289343
8.110312538712082
7.459998312930887
8.598165603478458
9.525653593936633
9.486926879995917
10.391915962418242
9.943451449657456
9.374712492474515
10.310853620487444
10.881951870466402
11.119155515975205
11.081422318509114
12.021036093636368
11.074935399558719
6.824285714285714
7.652397498262681
7.254393543731575
7.13335786326359
7.6448916688029485
8.496435709079776
8.210950489277414
7.848599466803133
8.101876357801105
7.686620367702069
8.08998335120055
7.732834545907232
7.978444287674163
8.5500297230867
9.076909793033412
9.964974962364852
8.909545773722693
8.20425713302052
7.472292182825704
7.2325701270509
7.333735668443111
8.006977282975976
8.57009454815482
6.783160562381828
5.166385069153254
5.759119310036155
5.437364474569493
5.824974596811574
6.967310176912254
6.723438367608895
7.454256907651349
8.342583676515641
6.68819586571455
5.756406120150795
5.467400423440087
5.409600894162678
6.0599927259276445
6.569453375591316
5.4032423036644595
5.340376807542993
5.443596238152321
6.142906237201457
6.422062711522548
5.228810574151059
5.3368414823530825
6.051092275527564
6.930157453145253
6.956162320691915
6.606653226338844
6.288063197121816
7.991948046587174
9.0863431781018
8.73924159884935
8.210979854268109
8.967130412206135
7.342749845255005
8.5243456790583
6.993006999747459
7.950662963399755
9.288371985257756
8.051344483439834
9.814715452424695
9.98142126563572
10.564672616215642
11.312702316960534
10.862830656867333
8.642005081866403
7.434235109892781
8.636312499064424
7.712672410362518
8.906908358360266
10.96311209755151
12.603236845177182
13.19123903686104
12.966598981815414
12.966520692402435
12.491666259047452
10.950725873672361
9.751693403451682
10.655776266592909
9.673941009951735
8.504236812589486
7.932320520493159
9.41133292450851
9.315197195334628
10.20752088438537
9.934401920728638
9.082331861926479
8.479513643558972
9.005132287940254
10.174632780179687
10.7787954531014
10.332068904365036
8.947202064054297
8.964038422670304
10.324094593835621
10.714179194814385
10.004604102195549
9.966483694473816
8.820796290900217
8.3935119887165
9.847595014146979
9.34531539316134
9.08618414669642
9.62544614249648
8.166906405844543
8.240686515879393
8.224834312239407
9.53795673443739
10.008355524009392
9.31294262425008
8.914237359102954
10.232968184997981
7.49675142192194
8.257576273203547
7.492159495403172
6.98156506756243
7.143587901206227
7.177239475784945
8.361135886004542
7.543814073163408
7.639272911989697
7.92969941667107
7.957033584923959
7.59197187449418
7.883262337142281
8.294797900265198
9.070694858200424
8.371255695098702
7.192286417561743
7.486222842051419
8.02561758601504
8.720975815381887
9.151453465432684
8.79873861706989
7.982465375005693
7.814503096928762
8.452975491171674
7.8960838690927755
8.670363732264034
8.877789336338633
7.8170112602311255
8.623245844346892
7.657336986144993
6.9006661992561
7.599567368691146
7.249876057692098
6.533106977191449
5.687876238740082
5.539991403858998
5.089135230509663
4.830924139062421
4.9778964190225805
5.204564886258916
4.868454805370445
4.830698345537159
4.820109751348687
4.803472040774763
4.55357650507024
3.8836169788358306
4.53657475278696
3.53913336585817
3.135884118790623
3.310567580735864
3.002236619483043
3.412293762788266
3.1837858139292052
2.7898568907824277
2.7153244157341927
2.9969902603293113
2.6957919713284695
3.2915840950957405
4.047223147711966
4.872234341100083
5.777397023802036
4.96870014040532
4.222221038880924
4.7662548326738925
4.2407577215924075
4.86012528374729
4.139476664131971
4.948707618714894
4.2623198486985965
4.911384871098786
5.585271098234258
4.640721411991633
5.431092591558377
4.549940966566592
3.935676208807588
4.738343875236447
5.428631238383612
4.39707063841206
3.85914931948713
4.171968197664455
3.639570768427559
4.189823515407494
5.408133357930955
4.80576827686914
5.16547684049128
4.334983006940316
5.020408163265309
4.81602700781805
5.204876102365504
5.665648806863639
5.899837446777466
6.17169418587164
5.713843142520435
6.323554438795796
7.2786466027288705
7.324699089391362
8.046755478674585
7.0204647418388015
7.772529552072852
6.068025341289423
7.81279223465975
6.9075914839004415
8.871555975024574
7.363901344637146
8.527704364286475
7.108840250335921
8.303236967836899
9.387123636825393
7.574381946226835
8.292128015248455
8.03629421057222
7.741564164993837
8.083085026960932
6.936952560657386
6.652856449500655
4.488388857133402
5.137797201516953
6.111938712532213
4.927165852613756
6.503672644133447
6.320205655714287
6.095014374395279
7.256487847057485
6.4587693735291545
5.981182153779171
6.4585745606998755
7.542484202949037
7.130913731159724
7.013322815462383
7.042253739983876
6.372009094737572
6.869291420548372
5.646131102606886
5.421965462983088
5.719249851374042
5.5417180656883565
6.009212889964083
5.439620682336066
4.252659828509279
4.991611037255094
5.369290986811679
4.280439803873603
3.4421721506964285
2.848987133781227
3.0244551370742374
3.758956613624436
3.0832824315903986
4.110367132978001
4.521424967952012
3.945792753419642
3.2267446508189805
3.5460258549805084
3.2672308168440134
2.479601406888962
2.5364055772022107
3.1846715952089246
3.2246761337794383
3.386810896068613
2.936129725495994
3.669711924336812
3.5857224032277526
4.152581719971851
4.22583841106723
4.310407669316539
3.314049769653305
2.223564327398302
2.5231498037812385
2.678148770231329
2.7586978699076954
3.495511449693136
2.155754449865223
1.7866210763936416
2.2975060972634918
1.9223378846833654
2.2199926333796727
2.0014718229754003
2.3522751846816785
2.2447283742508644
2.4389270436918453
2.652872427120776
2.265304225571181
2.646017426417301
2.4525617353137816
2.4384355870753742
2.8598744007780277
2.448427671754255
