4.1655291674039105
1.8317804224957517
1.6962317135415041
0.5271665178361323
1.033890949694857
1.6387394752908138
2.254109415032888
0.6451099500264453
1.2011300595432743
0.917499953095825
1.2182396856296265
0.2618431098822341
0.9868369836474067
0.8503079320321271
0.954455710377997
0.3192949582119892
0.0
1.0
1.9679999999999993
1.0611517031878246
0.8170661026989626
1.0209369301359583
0.16247700822596833
1.004000216319933
1.9714443812307212
1.3367381796529085
0.2062410280725746
1.0054597845540034
0.16053869630007855
1.0234824798423685
0.7965629464102809
1.0202423766592137
2.0315803832503945
1.1078364341568312
2.058681287751818
1.3622631316179488
0.9869174689179455
0.9999854868408812
0.15987195402231177
1.0233551254824844
0.7965008907061844
0.99998365742646
1.9679899983449942
0.9997645793693277
0.1598712541874422
0.9999986707065325
0.7839998989736967
1.0197937196304254
0.0
1.0
0.7840000000000008
0.9999793719493771
0.7839984322681522
1.0197843661482093
0.7945940255785577
1.020161034202265
0.0
1.0
0.7840000000000008
0.9999793719493771
0.15987193465033553
1.0039124188056214
0.1603582979063341
0.9999992055208657
0.15987199748309022
0.9999991758369731
0.7839999373636093
0.9999786543677526
0.7839983777319486
1.019784147706577
0.16234526060760354
0.999999215298305
0.15987199751406536
1.0233451669457914
0.16279050069883327
1.004011824892713
0.7861376455418624
1.11574573431677
2.0640385498103977
1.3645654516968766
0.9882023019429484
0.999976268438596
1.999976268438596
1.1051961587708778
0.1734274843153549
0.999999418519425
0.15987199815786943
0.9999991797982151
0.15987199740160093
1.023345124867066
0.1627904901216448
1.004011824379066
0.7861376451627781
1.1157457340868702
2.1691092928169593
1.6127407844807775
0.2503803560927458
1.006952441795629
0.16071486517906403
1.0235236539837138
35.65821016764051
33.891098471536566
29.042050940973187
21.419613718279585
16.40164776044684
11.888257852795242
13.872048352510555
11.470507437776417
8.756324370909706
6.065756148814332
1.1850302326549247
0.022835390424444275
1.0043151999849391
0.7936153224839687
1.0003695632560192
0.18052445125499456
1.0003481320485457
0.18052445658895824
1.0082128040895275
0.17120547386419593
1.000510734583429
0.004663338334808484
1.0009217573748128
0.7859873541485888
1.1171695179220995
0.0006878213124453767
1.0003094182752235
0.16010650340788077
0.9999978370294351
0.7845059447420342
1.0200420930091758
0.795129127347402
4.761510850018565
7.522470888157172
4.858680570030769
2.815122892774663
0.9056580403529149
0.1595731246718378
0.9999813527153585
0.0
1.0
0.7840000000000008
1.0197968581166486
0.0
1.0
0.15987199999999968
1.0233470475484192
0.0
1.0
0.15987199999999968
1.003914191792935
0.16035870352574955
1.023441949571111
1.9880465396643965
1.0623575539191956
0.0
1.0
0.0
1.0
1.9679999999999993
1.0611517031878246
0.8170661026989626
0.9999817623453093
0.7839986139382433
1.019785121891274
1.984982994717971
0.9998035978850948
0.0
1.0
0.15987199999999968
0.9999992030572796
0.0
1.0
1.9679999999999993
0.9997969434722946
0.15987135671692002
1.1350201845591352
0.0
1.0
0.7840000000000008
1.1153259817855377
0.17469202609971438
1.0262801456768436
0.7979815375591373
0.9999847151533608
0.0
1.0
0.7840000000000008
1.0197968581166486
0.16234739486327027
1.0039955434650771
0.16036799282386713
1.0039305207883367
2.006187285793858
0.9993883616306929
0.15987006232964612
1.0232942212048088
0.7964456262243611
1.1178002655097365
0.1749932856794159
31.632674869664992
32.19739855369092
30.71025585004918
30.324895166955365
33.323201026789846
31.459897902275078
31.696985010571453
33.48340158219007
29.642484831489906
27.62972372723641
25.85088772417509
21.43855842497619
19.78200185145365
18.417806785340435
20.652111416771813
19.54560108917208
17.702123042276185
14.914088214720726
12.152019422908507
9.940113895004394
8.407501503248522
6.042630675630526
4.593042852505409
2.4995121059810272
0.635473395527418
0.15960925167993928
1.0037671124606813
0.00021595761855871067
1.0000971710242907
0.7840754786427753
1.019829434983156
0.7946671579108362
0.9999920733426999
0.16001341304933056
0.9999985650918135
0.0001560065971000165
1.0000701977398303
2.2808318318469022e-05
1.0000273691498696
0.15988387410694715
1.0000001845596296
0.15988387191517184
1.1351749908945332
2.9226662942155977e-06
1.000000584528933
5.959046943867683e-07
1.000000119180759
0.15987228326479402
0.9999992264835282
0.7840001806652152
1.0197945472404393
1.2155617681261957e-07
1.0000000091166719
0.1598721102371807
1.135171601740879
2.7132421064951105e-08
1.0000000122095893
0.15987200925232803
0.9999992038224493
3.9682941496792084e-09
1.0000000017857325
5.801788347972393e-10
1.0000000000435134
0.0
1.0
1.9679999999999993
0.9997969434722946
1.9678757294050442
0.9996722383661052
1.9677994098800557
1.0608623133178245
0.0
1.0
0.7840000000000008
1.586091342810132
0.24760831867182823
0.999994776868308
0.0
1.0
0.0
1.0
0.7840000000000008
1.0197968581166486
0.7946016837831145
1.020162495263086
0.0
1.0
0.7840000000000008
1.0197968581166486
0.16234739486327027
1.0039955434650771
0.7861289345938131
0.9999795547202862
0.0
1.0
0.0
1.0
0.15987199999999968
1.003914191792935
0.786088452779904
0.4453688389577315
1.2010887716261325
0.3382083814475694
1.0286662126863033
1.7684656911375252
0.9088454151510521
0.9340260324210451
0.7861699219228706
0.20788380279331847
0.9403353875695826
0.9079748266212538
1.252271317201015
0.30936662796740483
1.0255067527214337
0.2339372398414491
1.017320792696871
0.016904143153644923
1.0032409906274922
1.9474351612584053
1.000372508073969
2.008312756889647
2.7698744475312607
2.00425350548822
0.998046081543755
0.7910441534793442
1.0004992894389577
0.7976048399356548
0.9995834445391267
0.8093812233203419
1.6097957881668066
1.1411143283861152
0.9955222495696467
0.21848663791553563
1.0149983023097229
0.8127692251922284
0.9950532393032145
0.02553301581454468
1.0113652131275919
0.16857140483620942
1.0275224344033953
0.1660586188342336
1.0002340896278796
0.7867754448930765
1.0211263135606978
0.16561537140167687
1.0047079453806649
0.7876612489206115
1.0205872586923852
0.7961462215820677
0.999721276093783
0.16827150448342557
1.0004608531590808
0.1682715282482997
1.0057184964557138
0.0018913775973338732
1.0001319083739453
1.9631169611508872
1.3371829092720533
0.2077874548760028
1.0058293184176286
0.16143669635615315
1.00413399081648
0.0
1.0
0.15987199999999968
1.003914191792935
0.786088452779904
1.1157344809372098
2.5661029740982686
1.1772757673112388
0.8776567841307015
1.0231796880878388
0.1627395324597492
1.004011238408065
0.160370049080422
1.0039306354551325
0.1603605881534402
1.0039302576337084
1.9713839492531198
1.0613442188232018
0.16765329613674138
0.9999992890039291
0.15987199774756425
1.0233452574637358
0.0
1.0
0.15987199999999968
1.0233470475484192
0.7964935251031476
1.020239657303526
0.1623984365143367
1.0039975332374906
0.16036824740882666
0.9999992098343765
1.967999516418637
1.0611387349922776
0.0
1.0
0.0
1.0
14.474915180912047
8.91083287632697
6.07018780039892
2.4362305185955737
1.9572867401865164
1.9874739336776241
1.1607588266180455
0.0
1.0
0.15987199999999968
1.003914191792935
0.786088452779904
0.9999795272918883
0.7839984440741834
1.115276634364568
0.8466151370766487
0.9999952609981109
0.0
1.0
0.7840000000000008
0.9999793719493771
0.7839984322681522
1.1152764464260845
0.0
1.0
0.0
1.0
0.15987199999999968
1.0233470475484192
0.16279097352623056
1.0239255270229977
0.0
1.0
0.0
1.0
0.7840000000000008
1.1153259817855377
0.0
1.0
0.15987199999999968
1.003914191792935
0.16035870352574955
1.023441949571111
0.7965410133877883
1.5971052118712843
0.24939334403037478
1.2318822332646533
0.0
1.0
0.15987199999999968
0.9999992030572796
0.0
1.0
2.0
1.1050240645179255
0.17341407296900935
1.004358871147141
0.16040948518388018
1.0039320015044386
0.786097329121215
0.9999795360069987
0.7839984447365308
1.1152766449292424
0.846615145635398
1.022010439269764
2.034400339190008
1.1081715004288069
0.8428577383703474
0.9999860271024836
0.7839989380597889
1.019786601979518
0.16234566819958768
1.0039953554359116
0.7861287845955744
0.9999795483701259
0.7839984456761298
1.0197844204165736
2.1091993148191306
0.999407917039435
0.0
1.0
0.7840000000000008
1.0197968581166486
0.0
1.0
0.7840000000000008
1.0197968581166486
1.984986304714062
2.3331640236506033
0.0
1.0
0.0
1.0
0.15987199999999968
1.1351714815224672
0.17734041253550226
1.0268127567705883
0.16320030532918264
1.00402645391156
0.7861451620468611
34.13359443896834
32.83357029972393
32.291294162144936
28.99792196092906
24.810855552390336
20.01519262378775
24.865265352259513
20.117221944900816
15.8909384236557
18.029910158295674
14.550515410004508
11.610313139253917
12.93509851194065
12.94997625752689
10.522900158661935
5.377151756912308
0.9938965545672102
0.007076360626712285
1.0031762929863577
0.1622936328870754
0.9998561109574382
0.16609357526302335
1.0263336402321417
0.7988265490584262
1.000312572750074
0.0019129203262573528
1.0022896805113277
0.785158712321741
1.0001445259630797
0.7856189183303218
1.0002335385043506
0.7870781943644247
1.1182257098037622
0.8489456405581649
1.0231288869321504
2.0317464632012348
1.109837431494666
0.8449496182423468
1.0229047705963163
0.797837608727254
1.0212577598998454
0.16493160130306592
1.025060951038439
0.16380142965304162
1.0243964789093025
2.0372914542154192
1.5592583865915475
1.1093021340435723
1.1799120852456513
2.2539874658890975
1.0000912673800484
0.16038585028247065
1.0236112786293154
0.7967022781259093
1.0203259240108473
0.7949940534685721
4.764111102817577
2.782995310559518
0.9723351797639682
1.9398631050337147
1.0635257654861725
2.318362701770662
1.1510480194050399
0.1797893105374127
1.0277534562958262
0.0
1.0
0.7840000000000008
1.1153259817855377
0.0
1.0
0.7840000000000008
0.9999793719493771
0.0
1.0
0.15987199999999968
1.003914191792935
0.0
1.0
0.7840000000000008
1.1153259817855377
0.0
1.0
0.0
1.0
0.7840000000000008
1.1153259817855377
0.17469202609971438
1.004409463085763
0.16041630654679498
1.0039323954649784
0.16036080946387982
1.0039302688249083
0.0
1.0
0.15987199999999968
1.003914191792935
0.786088452779904
0.9999795272918883
0.7839984440741834
33.47459663155211
32.73467184778965
32.312043298190865
29.86866321864456
27.213257254387255
23.47724815903709
22.011059512719147
14.540525758950539
10.927551103632595
7.197629714230013
7.694103933941456
6.340552110986029
7.387401822201138
2.4136317773193907
3.3344642663628363
1.4839047614335446
1.0192235246962271
1.2971033622873929
0.9673786080830217
1.0541696276333012
0.31516547687880286
1.096137059906332
0.22290954251437967
1.015338993842145
0.192196150177219
1.0103701293889615
0.1771092757198441
1.0314633743435488
0.802802592978017
1.0229389447884851
0.8003682597426082
1.0227578858279551
0.16872645371981063
1.0053673190414198
1.9627787810851758
1.0633924373066195
0.17233542882406372
1.0051890831171213
2.0278028110581117
4.794718419462758
3.550389408267209
4.07607677931936
2.817352226213828
1.6976015972251353
2.594778159170354
5.255298958970006
3.897927855252401
2.742124354441521
0.00548359829240758
1.001084758985659
0.7863513655221408
1.0208835283840063
0.7968940126917575
1.0003189617189656
0.16484661052729396
1.025728096723431
0.7983526277417621
1.000256985798266
0.7870224550836631
1.0212338201466813
1.9756145583824085
1.064283852398299
0.0
1.0
0.0
1.0
0.0
1.0
0.15987199999999968
1.003914191792935
0.786088452779904
1.019868894687973
2.0309933764363435
1.5558177569472413
0.0
1.0
0.7840000000000008
1.1153259817855377
2.0637027031682638
1.0669539036295617
0.16827971744470313
1.0041954953163572
0.16039126255978853
1.1357453525532684
0.857923849936408
1.0224218368342317
0.16265193203655662
1.0040075552406555
0.16036954913067572
1.0039306054044943
0.7860966361016426
1.1157362336959942
0.17474116562222197
0.9999998267197533
0.15987199945104827
1.0233461639259378
0.16279075133693266
1.0239254658655113
0.16285901234055764
0.9999993701678667
34.839679007899036
29.449171020099264
23.47823267438709
17.78699747256556
14.354642992134607
10.566998161422335
5.257006113064538
1.9406306836529525
2.018311320151845
1.207689895925882
0.0
1.0
0.15987199999999968
1.1351714815224672
2.079204956113839
1.3693446933610423
0.21061861645654123
1.0334408666984305
0.163986842709617
1.0241781038814548
0.16288974417308583
1.0040153985484472
1.9714568258090575
1.3367453384894277
3.3061826670696184
2.2363663115510186
1.5087287341959983
1.0449742985627164
0.1656312359675621
1.0246313077394227
0.16295874892670703
1.0040182419642014
0.7861412831119203
0.9999796806340178
0.0
1.0
0.7840000000000008
0.9999793719493771
0.7839984322681522
0.9999756591709752
0.7839981500969946
1.1152721462440183
0.8466115025031451
1.0220101667200172
0.16260300345386997
1.023887961182042
2.037110643461743
0.9995261013576306
0.15987049868910086
1.0039055721308752
0.0
1.0
0.7840000000000008
1.586091342810132
2.381519725711348
0.9991995147589936
0.0
1.0
0.15987199999999968
1.003914191792935
2.006159865436693
1.1055669800122845
0.8416416815630057
0.9999836833031515
1.9679900141815296
0.9997646059469893
1.967855938839557
1.0609098913542359
2.0199767708807217
2.3644484085594617
0.4361004268802214
0.9999199040565895
0.0
1.0
0.0
1.0
1.9679999999999993
1.3357404547685285
0.0
1.0
0.15987199999999968
1.0233470475484192
1.987965505613539
0.999840348945713
0.7839878665198748
0.9999682823233537
0.7839975894565752
1.0197813168128036
0.1623447930623976
1.0039952601382984
0.0
1.0
0.0
1.0
0.7840000000000008
1.0197968581166486
0.16234739486327027
0.9999992298266316
0.7839999414668234
1.019794471201437
34.839679007899036
32.29984421611485
30.507720938696128
35.21914596903072
26.96544181760415
30.03411940763758
24.596685346252336
18.780044252443343
18.32496776578372
9.505413983685012
6.064765457494742
1.4430508590150564
0.27819972776522206
0.9744774754589889
1.8514607584517944
1.1324792493045217
0.049307344377643496
1.021770480212538
0.1766929459609734
1.0314014569643086
0.802779799241969
1.0229480195228706
0.8003904692406404
1.1227139051807264
0.8518398755787163
1.000517304185341
0.1685125447557469
1.0004674809280982
1.9865889111302613
1.108359202415428
0.8476675141500064
1.6414804300097812
0.2636562642454786
1.008954308771235
0.7917236950130639
1.0218041920198262
1.9732172005301307
1.0004788394705393
1.9347913347543446
1.067163863666089
0.18428505747658452
1.000480788502472
0.7979636883255902
1.026141288880116
0.17906544247578968
1.0004808635271372
0.17661139424591857
1.0004808183989233
0.17661139558609454
1.0004808176229107
0.7979637871310464
1.5993232067851757
2.3436094624540327
1.0005126818716144
0.19751726034222
1.0114292762753443
1.9220558340999137
0.9967855631564533
0.21219109605073008
0.9963133545313325
0.022742859557707155
1.0101341369285326
0.7918708009922489
1.0230972917881425
0.003357571366934054
1.0002206182941824
0.16291523907097152
1.0045772458686808
0.16195371395353084
1.0001225758974834
0.1614673866721693
1.0241126397938753
0.0002572778023763873
1.0000514220470011
5.2453949405705265e-05
0.9999999436746214
0.15999429925509764
1.0234059101244548
0.16283685141676352
1.0040219350127402
0.7861592139243688
0.9999835121859991
1.9678561303348487
0.9997710420767428
0.7840859915868186
1.0198034980991917
0.16246239081812136
1.0238841171962576
1.9882819254258415
0.999855292627855
0.7840925731303421
0.9999875435658
0.7841962363939593
1.0198777951814877
1.9843625453850413
0.9998595440028941
1.9661201254271177
1.0612814800600605
2.01763841468257
1.0645878509616349
7.41409363342833
1.562943077450874
1.5996585198636022
0.5291097546903814
1.1936631544884917
0.307121849297885
1.0258933502586716
0.8490323246242415
0.9631537362390463
0.3031609766860327
1.0910952132407865
0.8485400760877168
1.0390895282053474
0.21879887102369883
0.9954304847830653
1.8283540677062435
1.3807365669262455
0.26108640515831405
1.01616310320137
0.19039148354583418
1.037732367421025
0.17406378159225172
1.0293312903744436
0.0018219463753691677
1.000819169144076
0.16049316822695453
1.0236459556988093
0.16302406993447385
1.0000184807517583
1.9673320361054851
1.0612721726065697
0.00014006211741660616
0.9999995986854924
0.00014006211808274566
1.0000280024871087
0.15993857603285763
1.0039288107670474
0.16039358819896754
1.0234587417559224
0.16281501459578826
1.0239341104620405
2.113687067260274e-06
1.0000004227351504
4.309473967985324e-07
1.0000000323205356
0.7840003328259463
1.019797019926297
0.16234778521988444
1.003995629287757
0.7861291179501901
1.019870512410235
1.9850486536314904
1.3406797123855803
3.3180055361383745
4.1285933191761695
3.4733099473919378
2.1447016550919136
4.066697903110054
0.9408174034880168
0.15968460939814846
1.0039896232116174
1.9713999530101087
2.32076425238165
4.598140581404353
0.9906662056060317
0.0
1.0
0.7840000000000008
1.0197968581166486
0.7946016837831145
1.020162495263086
0.162388954238392
0.9999992350022888
0.15987199757648704
1.0039138513992034
0.1603586254175035
1.0039301806756447
0.7860964064176217
1.1157361571979403
0.0
1.0
0.7840000000000008
1.586091342810132
2.6534960495350837
1.1666177767872983
0.0
1.0
0.7840000000000008
1.0197968581166486
0.16234739486327027
1.0039955434650771
0.16036799282386713
1.0039305207883367
0.16036056896131223
0.9999992085868663
0.15987199749280304
1.0039138455678498
0.7860881587411134
0.99997951293345
0.15987193509697295
34.839679007899036
35.74533016642441
33.52983710677614
28.56332188465442
22.71785043670803
18.722666699051473
11.719471743920405
7.122672181039651
3.5141292492337923
1.8403625494358444
1.2311474908820603
0.9999994728988854
0.7839999599403148
1.1153338473486196
0.17469399918492956
0.999999827041024
1.9679998941491057
0.9997937242210612
0.7839843230408
1.115167393458076
0.0
1.0
0.15987199999999968
1.0233470475484192
0.0
1.0
0.0
1.0
0.0
1.0
0.15987199999999968
1.0233470475484192
1.987965505613539
1.062352671803053
0.0
1.0
0.15987199999999968
1.003914191792935
0.786088452779904
1.019868894687973
0.16235558204228773
1.003995838638045
0.16036802744172443
1.0039305222394381
0.16036056915981806
1.0039302560825842
0.16036053803785028
1.003930254798774
0.7860964464242415
1.0198691974024159
2.0309938404615124
1.107761622145607
0.0
1.0
0.7840000000000008
1.1153259817855377
0.0
1.0
0.0
1.0
1.9679999999999993
1.3357404547685285
0.2061125128996272
1.005455159897224
0.7868659489392448
1.0199018662873602
1.9850729555980267
1.340694310407674
2.2306670257744003
1.077405565324737
0.1694913650036915
1.0253034914772365
0.7974968530496531
1.0202789909404064
0.16240315067658517
1.0039977575069376
0.1603682813463562
1.0039305366901419
0.7860965912752497
0.9999795335879564
0.1598719351624064
0.9999990601732913
0.7839999285731688
0.9999786052229956
0.15987193222134632
0.9999990568335941
0.0
1.0
1.9679999999999993
1.3357404547685285
0.2061125128996272
1.032467170240222
0.0
1.0
0.0
1.0
0.7840000000000008
0.9999793719493771
0.7839984322681522
1.0197843661482093
33.47459663155211
32.14031715305441
31.58614684648308
30.78400856277553
30.81432244237973
30.051568870824
29.13988816273974
24.629849920145343
20.965196959667352
15.875474352929448
11.148191908300921
10.109717071884244
9.3176132071805
8.251711443846451
8.336109601673147
6.3426576052336925
4.9877989116167925
1.728805905032146
1.0689184938148808
1.8588992237697244
0.47660836996636874
0.9135635111933891
1.7541152525311434
1.13398727609043
0.09991784723190289
1.1072846474567146
0.21197466598459058
1.1887475926225861
0.2070881686183403
1.0410755234038027
1.9684398721521847
1.35677459440852
0.0056098658552021004
1.00033423675925
0.16495478436581562
1.0257893967588725
0.16469883773056815
1.0044292864178501
2.005262557685271
1.1062272101810995
0.0004304012419576723
0.9999962192048893
0.16087534061340122
1.0238298115584388
1.9871988594965802
1.062649498867966
0.0002350163893042126
1.0000469753075054
0.15998370848683485
1.0039387181939863
0.7861408632023907
1.0198935701483631
0.162414165296014
1.000004069909818
0.7840498877899436
1.11536427875241
1.8071452233189163e-05
1.0000013544457864
0.15988838877816228
1.0233549357281952
0.16279712144609346
0.9999998702492084
1.9679819903762565
0.9997921304820417
0.783998058476415
1.0197626564482285
0.1623570764951487
1.003998413913367
1.9714174265461861
0.9998011416902447
0.15989425059212328
1.0039136389498937
1.9713358082579466
0.9997997067572006
0.0
1.0
0.7840000000000008
1.0197968581166486
0.0
1.0
0.7840000000000008
0.9999793719493771
0.15987193465033553
1.0233373963221886
0.0
1.0
0.0
1.0
2.0
0.9993804784250004
0.7839529163602996
1.1150475305256804
0.0
1.0
0.7840000000000008
0.9999793719493771
0.15987193465033553
0.9999990595868775
0.15987199702077137
0.99999917342045
31.632674869664992
29.65758180622966
28.914325632044168
27.380117139580666
25.556343344899144
23.101569188140616
21.11758903180231
20.187622276685744
18.461850623465978
17.178538654134545
14.765554947431959
11.210570659656968
9.013816030295372
6.402563961275401
6.158526236868787
3.4263920120866334
0.469826834518776
1.013007731749441
0.974218586765478
1.0334272676101195
0.9816540705163798
0.3278482988588309
1.0289935159667474
0.3262284938628033
1.0277632135258237
0.858447103788635
0.9509562860133912
0.3262328674277415
1.0277616966060013
0.040112113876830204
1.0072685764287996
0.8007170005439679
0.9990499333514231
0.19604936920572996
1.011150197134047
0.8027343590981519
1.0271495416290919
0.8110144049619401
1.027444669749876
0.0
1.0
1.9679999999999993
1.3357404547685285
2.4298524887184536
1.719328713920296
1.1957281538465998
1.0344117135863469
0.8021641174748384
1.0205107719562414
0.0
1.0
0.7840000000000008
1.1153259817855377
0.0
1.0
0.15987199999999968
1.0233470475484192
0.0
1.0
0.0
1.0
0.7840000000000008
1.1153259817855377
0.0
1.0
0.0
1.0
1.9679999999999993
1.0611517031878246
0.0
1.0
0.0
1.0
0.15987199999999968
1.003914191792935
0.16035870352574955
1.0039301892832417
2.0061867520558065
0.9993883432604911
0.15987006227144918
1.0232942204064892
0.7964456255039825
0.9999828686979971
0.7839986980210476
1.1152808627208293
0.846618563813293
1.0220106949588657
0.0
1.0
0.15987199999999968
1.003914191792935
2.006159865436693
1.1055669800122845
0.17347445036552803
0.9999993539216767
0.783999950898047
1.115317256681569
0.8466481605139518
1.0220129075997149
0.7957076468679358
34.46407586195839
32.59903166770021
30.702405585996853
31.535198736822608
29.82030243175643
27.719373213015093
25.61392983625507
24.757405234812907
23.196684322716315
19.897005785673425
16.16240519829716
17.09801910305236
14.756049869016273
12.781123369993656
9.466962080587429
8.84657781884054
8.837577693948477
4.588907031635516
1.955246640025462
0.5511002606402639
1.2537499645929728
0.10582631118313207
0.8847566500077835
0.9259278067797282
1.043978380769927
0.10621275423124234
1.0164774787292932
0.0
1.0
0.15987199999999968
1.0233470475484192
2.127873364357503
1.6123598952277025
2.3968862370937525
1.4724413795321019
1.045755581379888
1.804768490649868
0.0
1.0
0.15987199999999968
1.0233470475484192
0.7964935251031476
1.020239657303526
0.1623984365143367
1.0238412951617588
0.0
1.0
0.0
1.0
0.0
1.0
0.0
1.0
0.15987199999999968
0.9999992030572796
1.9679995122710559
1.0611386792227044
0.16763066594729212
1.0248580937800946
0.16296531031461592
1.0239617989786796
0.16286325297702578
1.1385005291008563
0.0
1.0
0.7840000000000008
0.9999793719493771
1.9679873756330197
1.06108409776639
0.8170419255271406
0.9999806506636106
0.15987193870130223
0.9999990642857749
0.7839999288857191
1.019794226431066
1.9849855764818731
1.0621180250151474
2.020802074067834
1.0641832310197692
0.8185191904653748
1.0209950873716815
0.7951944965016654
1.0201856823707065
0.16239166420012566
0.9999992375324318
1.9999992375324318
1.1049919936018389
0.17341166412614434
1.0043586245677376
0.0
1.0
0.15987199999999968
1.0233470475484192
0.7964935251031476
1.1178166383111423
2.065648119868614
1.3650884104863243
0.0
1.0
0.15987199999999968
18.900577898907933
20.762989031605315
21.712304543829486
19.398794418818618
18.257046161474552
15.297281278838506
9.702053170732748
4.941844974916998
1.2975668320995464
0.8907162060199937
1.206617206581427
0.9099461643950307
1.0453817122285296
0.23914493824130081
1.2148396063753188
2.017076737804419
0.8610112407374951
1.5184044518956596
0.6850788686929867
1.308959276031155
2.1236981783884596
2.9773587711084164
0.8975901535614087
0.6837989421059338
1.0124341636920602
0.5126830034214348
1.1980035363078594
1.7637487051754366
2.3382431715067753
1.5290057245706494
1.086040683830652
0.3899782581673296
0.6608014992234598
0.2547429715407977
0.9145621532159935
0.9278061119013605
1.2807749484170994
0.0769623917895069
1.0127818379510167
0.015842858300844948
1.0030454836749987
0.7907020132883198
1.022849255869509
0.003240488920382863
1.0038719355788868
0.0
1.0
0.15987199999999968
1.0233470475484192
0.7964935251031476
1.020239657303526
0.1623984365143367
1.0039975332374906
0.0
1.0
0.7840000000000008
1.0197968581166486
0.16234739486327027
1.0039955434650771
0.7861289345938131
1.1157430305181983
0.8468672087428925
1.1278306176242425
0.0
1.0
0.7840000000000008
1.1153259817855377
0.17469202609971438
1.004409463085763
0.0
1.0
0.7840000000000008
0.9999793719493771
0.7839984322681522
1.1152764464260845
2.168594197073538
1.1206725330134235
0.8487765388801781
0.9999951086816681
1.967997006513181
1.3356638686469324
0.20609360577904848
1.0054542867625327
0.7868652689257376
0.9999811218816836
0.15987194019412077
1.0233378152304733
0.7964851204211058
1.020239022014656
0.0
1.0
0.15987199999999968
1.003914191792935
0.0
1.0
1.9679999999999993
1.3357404547685285
0.2061125128996272
1.005455159897224
0.0
34.839679007899036
29.449171020099264
25.892378040814126
17.39424698477959
10.82064576685713
6.022746524280812
6.4943088451639435
9.06613584191498
14.819591307055841
14.058254201292272
10.694457837599286
7.745109720352014
10.723237846390383
6.229076667750582
3.3591136080611355
3.7680490136877762
2.857631251908884
1.693396395791481
2.317220008597309
1.08224134640585
0.8394134365864603
1.0004259112396512
0.7958237511623584
1.0252613558502996
0.0
1.0
0.0
1.0
0.15987199999999968
0.9999992030572796
0.7839999394323529
1.019794429961335
2.0308761235215487
1.10774666276846
0.0
1.0
0.0
1.0
0.7840000000000008
0.9999793719493771
0.15987193465033553
1.0233373963221886
0.7964847394063407
1.0202389932112108
1.9853577506803068
1.3407897298236207
0.0
1.0
0.0
1.0
0.7840000000000008
1.586091342810132
1.127347334599453
1.0318824589300877
0.163775875105334
0.9999997262935325
1.9679998324916417
0.9997928896423636
0.15987134387438715
1.135018675286671
0.0
1.0
0.15987199999999968
0.9999992030572796
0.15987199747528552
1.0039138443595235
0.0
1.0
0.15987199999999968
1.003914191792935
0.786088452779904
1.5879152052937682
0.24789450824958978
1.0068446692004716
0.16070181749332102
0.9999993373384739
1.9679995944511453
0.9997906184995069
0.15987133667940642
1.0233162206124815
0.16278324904120411
1.138404405298463
0.8593132340097008
1.0224733306857254
0.0
1.0
0.7840000000000008
1.1153259817855377
0.0
1.0
0.7840000000000008
1.0197968581166486
0.0
1.0
0.15987199999999968
0.9999992030572796
0.0
1.0
0.15987199999999968
1.003914191792935
18.900577898907933
20.762989031605315
16.259280370452547
13.830900574568135
12.713766100032673
12.42062101544524
14.180199699685996
11.483105303584232
9.369903479603932
11.101276259745234
6.171369489894298
4.754338665806733
1.1817716675408376
0.3670459305795926
1.0304526407525576
0.8748716480552015
1.046530803738867
0.2775666059519864
1.0228888981359894
1.8326280693918149
0.9575926554291415
0.8937300065514406
1.047278573002617
1.6906005737912622
1.0941550685369354
0.9516796923699136
0.8181967798241675
0.5126443011221762
0.8172137936047985
1.4266475858102565
2.1630833872655355
0.7713359907572683
0.7276828779222015
0.25686083911420476
0.9133313893618711
1.5581771673856823
0.35612449538915514
1.0288362454746949
0.342615725206633
1.303703267308625
2.3133045707774045
0.7576845965899055
0.5203097385311233
1.0307724264742248
1.6075718249860684
0.7388452282908219
0.6084470617806158
0.37034900114848357
1.028612414083854
0.35099809592893794
1.0295226016782477
0.0468255450767132
1.008349868649073
1.9132110873644652
1.0731616003514124
0.19889283701776322
1.0105235317019405
0.17690056934750928
1.0004857219035912
1.922861122620559
0.9660022235103449
0.268869143654353
1.0220507167608242
1.9534572485719288
0.9889326031239034
1.878509535744512
0.9518203015834699
0.0
1.0
0.7840000000000008
1.0197968581166486
0.0
1.0
0.7840000000000008
1.0197968581166486
0.0
1.0
0.15987199999999968
1.0233470475484192
0.7964935251031476
1.020239657303526
0.794822248042497
1.020172074082051
0.0
1.0
2.0
1.1050240645179255
0.0
1.0
0.0
1.0
0.0
1.0
0.7840000000000008
0.9999793719493771
1.9679873756330197
1.06108409776639
2.09324578498601
0.9994618026407988
1.9676706232161694
18.900577898907933
15.073347581947235
13.205340327327734
12.251992546066562
11.996170917212412
6.5111625378695495
1.8481013746037585
0.4376094909574979
0.8767316528839497
0.9504687962589464
0.37975711270607326
1.3384580632924576
0.37268465636935527
1.0307291194235455
0.27898360882041706
1.0795174883382077
0.8397939946462233
1.1568668843442549
0.20858531608127692
1.0112294440878309
1.9890636451589092
1.0012204944030019
0.013587533109327185
1.000523514422701
0.1721673585104762
1.1483810143098196
0.18431721564317777
1.0301767748676274
0.0011364086317689876
1.0005111081624722
2.0001431974240513
1.1055196329782337
2.0553808290415176
1.066579318465225
0.8200553230393264
1.0000828087382163
0.7850348943403975
1.0001511064714097
0.0009969259418951214
1.0000719988950644
0.784768968546073
1.1160624367825707
0.17533467646783393
1.0045512865278683
0.00014553479680397174
1.0000654861084501
0.7840509156254204
1.1153697217643017
0.17472820938824193
1.0000028343915328
1.5630413716874782e-05
1.0000070336336502
0.1598773282261446
1.0039153619548609
0.7860909526030798
1.0198700719973537
0.162358376425075
0.9999992306603019
1.9679785222685702
1.3357160779641677
2.4299568743758027
1.7193334125491833
1.1957211869147402
1.0344149330741494
2.8220823379734368e-06
1.0000005644124326
0.15987334140714982
0.9999992030162446
1.4791472394542497e-06
0.9999999999551927
1.967989927705422
1.0611536056043878
0.0
1.0
0.0
1.0
0.15987199999999968
1.0233470475484192
0.0
1.0
1.9679999999999993
1.0611517031878246
0.0
1.0
0.7840000000000008
1.0197968581166486
0.0
1.0
0.7840000000000008
1.0197968581166486
0.7946016837831145
0.9999801544227548
0.7839984917361286
1.0197846086000988
0.0
1.0
1.9679999999999993
0.9997969434722946
0.7839845677038944
1.0197565097825496
31.632674869664992
30.949241142649477
28.636616892282355
26.678233995505025
26.02153954678832
26.139953962831193
24.34472497760129
22.16487628606716
20.533238534910573
17.50556750713737
16.665535456168037
14.594431475736512
12.179916598838197
10.119969537442515
7.745940653646237
6.421631235963758
4.7803359248374
2.2862888110953166
0.6857622067992466
0.08128694825130035
1.0355946044139293
0.012017320796980733
1.0053784663604708
1.9599722070492775
1.0007112560516898
0.7932680107894912
1.1240765191722462
2.0466448825739127
0.9915359855424417
1.838126661115231
1.374727099355465
1.0025975511916319
1.1917987250835704
0.015446465670663847
1.0005215361808213
0.7956967277859889
1.025172539498513
0.8066616837716399
1.0256327616037582
0.0
1.0
0.15987199999999968
1.0233470475484192
0.0
1.0
0.7840000000000008
0.9999793719493771
0.15987193465033553
1.0233373963221886
0.7964847394063407
0.9999834285596341
1.9999834285596343
1.1048713763614881
0.8413445324754683
0.9999817624467356
0.0
1.0
0.7840000000000008
1.0197968581166486
0.16234739486327027
0.9999992298266316
0.15987199756009077
0.9999991762600556
0.15987199739039193
1.023345120723561
0.7964917698225519
1.0202395246384466
0.16239841458599336
1.0039975312737017
1.9714420319595425
1.3367375871243352
0.20624096475770995
1.005459782427484
0.7868682715103712
1.019901972978284
2.0310345847687565
1.5558525554842138
0.24193560645859813
0.9999967774790404
0.0
1.0
0.0
1.0
0.7840000000000008
0.9999793719493771
0.15987193465033553
1.0233373963221886
0.0
1.0
1.9679999999999993
2.3180463218441623
1.6499170615169865
1.0502437467926706
0.1660905993453116
0.9999999972374443
0.7839999997900466
1.1153265517012627
0.0
1.0
0.0
33.47459663155211
32.73467184778965
32.317923322473234
29.55691081069982
24.25343283734453
19.805359121970685
14.402522856751478
10.904753145063117
8.359630845709862
8.87949313559968
8.124344464046453
8.713470201696042
6.671023890414669
2.487950279969362
0.8679439434597603
0.1429679026178683
1.0620261872310048
0.021550230623391536
1.0040848566023624
0.004397418419598877
1.0002764583469348
1.9567249585300444
1.063343158212284
2.00509505879702
0.9952461237960131
0.19666776482421672
1.1735022421059658
0.19824033550910275
1.000326829562484
1.9681625608736701
2.749041527480308
1.9842032818731805
1.0697787135283838
1.9808223128430789
0.9989948655225732
1.8660432595059913
2.2929684171028297
2.5838475454693364
1.1354551022928268
0.8798004731613078
1.0378083545631367
0.020324983103158955
1.0090653734056132
2.002547122170897
1.0025828871436877
1.9340132114469804
1.067755287764072
0.0
1.0
0.7840000000000008
1.1153259817855377
2.1684955383952653
1.1207014703714298
0.17516266129258093
1.0263903701870836
0.1631479545088922
0.9999994055767574
1.9999994055767576
0.9993622194901689
0.15986997951134468
1.02329309686682
0.7964446117595175
0.9999828540824308
0.0
1.0
1.9679999999999993
1.0611517031878246
0.0
1.0
0.15987199999999968
1.003914191792935
0.16035870352574955
0.9999992083573876
0.15987199749207615
1.0233451586449591
0.0
1.0
0.0
1.0
1.9679999999999993
1.3357404547685285
2.4298524887184536
5.065944090358012
2.951208187687231
1.130283492576024
0.1817861301395253
1.0047510049455504
0.7865557995055894
1.1158923164593335
0.0
1.0
0.7840000000000008
0.9999793719493771
0.0
1.0
1.9679999999999993
0.9997969434722946
0.7839845677038944
1.0197565097825496
0.7945775415258659
