14.245588647955232
20.018350381190068
19.732245725682386
20.883400015575432
20.503830025992432
22.327606702500017
21.350443695191334
26.4454683547099
25.13797855376344
28.46565105939014
30.23663103234789
29.219796222188023
24.881419056555167
22.11262077560924
21.12487001836533
19.726419837818877
18.065578968637855
16.283344885596875
16.200838182761483
18.926519650036816
17.073081954468496
0.002732191529170169
0.010751307842950352
0.016660664594724966
0.7227430754622304
1.1357606678629553
0.0038058597060929965
1.0017095784229622
0.1611475046549176
1.0214258035534296
0.7993974651279401
1.0000602409274386
1.9654054466652007
1.05535822094054
2.0080971792697735
1.0580327788375135
0.17198283082450744
1.023122839401757
0.8005898829090183
1.0184999448319343
0.0002836841759743463
1.0000566960856554
0.16000612484560997
1.0208757991083393
0.16361605698776435
1.0000034326215028
0.15992158455152178
1.0035201972290797
0.1605140195154857
1.003530697724381
5.792021234259748e-06
1.0000026064023435
8.326630361120674e-07
1.0000000624477892
0.15987275434208525
0.9999992638300886
0.0
1.0
0.0
1.0
1.9679999999999993
1.2740054999999992
0.0
1.0
0.0
1.0
2.0
1.846534962962962
2.4810759764851027
1.6391443877500613
0.33366318610391255
1.26307926405477
0.9733720000362889
1.023659983611179
0.8004348071922676
0.9999916009359417
0.0
1.0
0.0
1.0
0.15987199999999968
1.0035102931897077
0.786497495189378
1.0178235774633828
1.982349581656751
1.0556468740359195
0.0
1.0
0.15987199999999968
1.0035102931897077
0.0
1.0
0.15987199999999968
1.0035102931897077
0.16048822498863446
0.9999992022450575
0.0
1.0
0.15987199999999968
1.0208111423703703
16.13333702191582
7.941167443455984
4.290306666885062
1.1186636980858375
0.38277125491943953
0.9156798581322413
0.3822215849798608
1.0310172480120599
1.856810565919723
1.5172687329005936
2.0404423238860576
1.1286131419670105
0.29942998763988404
0.970329995957427
0.05721155992591961
1.025202074889008
0.008270754064236833
1.0004337809523387
0.1673547535070695
1.0051328523279328
1.9604703343163898
1.0004276009560131
1.938478354915754
1.0607272206333735
0.18465300591770228
1.006916996578934
1.9505457136313518
1.282728899592393
0.0035728833552366047
1.000232660147875
0.7867491001039851
1.019123141443363
0.0013892355020230854
1.0006247437493223
0.16033762063872084
1.021035583237429
0.16373836157283017
1.000013489161206
7.384688421712213e-05
1.0000886075374855
1.9679416854175205
1.274066785975664
0.21902888614312566
1.0050231504040892
1.9719918787734352
1.0551698711622723
0.16991853218007588
1.0037586478464942
0.7866787683911081
0.9999792485220986
0.784080772512404
1.100244896477057
0.1787368312706389
1.004002393212217
1.9711313642100734
0.9998051791404928
4.1949716684176484e-05
1.000003141308608
1.6299220691595188e-05
1.0000073345921978
0.15987746305154027
0.9999996535536836
0.15987746059256375
1.0035103400405008
0.7864996910022415
1.430211645091718
0.0
1.0
0.0
1.0
0.15987199999999968
1.0208111423703703
0.7989161145316483
0.9999827776023483
0.7839986910977786
1.1001784593899417
2.0459315856877036
1.2935323282390299
2.6059320952403153
1.8026959328034429
2.454506093123838
1.6337089613259757
0.0
1.0
0.0
1.0
0.15987199999999968
1.0208111423703703
0.0
1.0
0.0
1.0
2.0
0.9993425378040761
0.7839500328731099
1.0994082169919852
2.2930867467963596
0.9997860124859637
0.7839837369489355
1.01765660926316
22.249859379459895
17.117735919939264
18.686651608109287
19.14011852729046
20.11299003533478
23.32465128285758
28.475228544080984
29.68522068375731
26.859339060031303
24.401252541914594
24.353221513889913
22.578905424804432
21.220898562885917
20.65993319173635
18.69154534569185
17.004640864451957
14.854529128550718
13.281500461884061
19.26733648696926
17.512625094115457
16.352477155939873
10.805302003629327
3.02112145338617
1.9640521210583461
1.6105620069091175
0.7165649473754974
1.468895335222031
0.5920429622812075
1.0261907907904593
0.80970754477997
1.298027454391838
0.3643210596486481
1.5063456307184924
0.4768989372402076
1.3106676694077963
0.9272674552018877
1.3604946853439226
0.6135965828511454
1.6177898482998554
1.056561362156913
1.309327132271556
0.5160437203176444
1.0890917732631376
0.12335808121895318
1.0414492809030127
0.0616709481059958
1.0421928000996108
0.18155404306934741
1.1337257197128168
0.2143317463450626
1.0391634718062581
0.19296709105232332
1.0493441501673084
0.08528732865214608
1.0311892774071325
0.04903965662715219
1.009275241574769
0.04988727432735777
1.1340934487694307
0.7998285962623263
1.2043350631898218
0.5089062197939812
1.1904260361888719
0.9611316757046063
1.4065307548434451
1.179026326465957
1.3887903300527744
2.3299746556666836
2.048187566953409
1.3487837493584829
2.8289177888230044
2.397806090884887
2.084002064858859
1.5737423318718087
1.6293930016720946
0.9760474548969543
1.0964139581406838
2.0513101252902968
1.6634038771838318
1.2756074857285773
1.5420636646950148
0.7100486154053781
1.1527926912734177
0.9720582271168378
1.7478117771560613
0.6900519009994749
1.2581229685032784
1.039473014515944
1.3628015374995155
1.2557316020321065
3.3821093897941377
1.7246575420697539
1.602116539818254
0.879092450635133
1.9178481228875237
1.158277070202987
1.7664800873341375
0.46626113007684117
1.1840313173462846
0.9127378287525436
29.037359202289483
25.297702731470384
21.62705723228093
19.330952652985864
14.723637451203992
14.192054632914898
12.317944368647982
10.090600832481941
7.118331832850678
5.03338850535192
3.3128858306761177
2.8374312821064964
1.6537409906104288
1.0678023137893158
1.160844820419955
0.313236960298757
1.1429119068836697
1.926203384880543
1.4896185055583275
1.0955399406880235
0.9626483621919252
0.07422220293134318
1.0124443521743312
0.8133776175805973
1.1644476985014751
2.155732941601659
3.8498473545483454
2.5717543198367214
1.1783253729675522
0.014918588467001552
1.0005462609629738
0.1733242688722527
0.9959945610026009
0.01492469160441986
1.0066552909335258
0.7893971309261114
1.1424503591676316
0.8739172119659945
1.0291805533176221
0.16741986971497805
1.0057124421486963
1.9673655517227853
1.0777121419665658
0.17399060413380527
1.0057819320411343
0.7883918067930019
1.0250871110042485
0.16484993948818238
1.0001091566555067
0.1612690221147637
1.0051038505705423
1.970114626258028
1.3867770651764526
0.00033448328318859215
1.0000668400117518
0.1600294164320288
1.0048314975758363
0.16064995783656985
1.0000067588253365
1.9677666403011231
0.9999987451695955
0.00024777514061526075
1.0000184115980821
0.16009625625918206
1.0048462282403228
2.0059817245345184
1.0000365780844507
0.7841908431589217
1.0244647399199511
1.9875506582371663
1.000056971739437
0.7845123597314333
1.1386349512285243
0.00018030201205345843
1.000081128921922
2.5542786667561998e-05
1.000005108226785
1.9679691167104338
2.118770461086071
1.8432987392843119
1.3518252011138727
0.21624998976590445
1.0000008679613752
1.9999830840057147
3.5714343455516846
2.597787291082128
1.0000003374054267
4.0213837681062694e-08
1.0000000080427667
8.117237605992277e-09
1.0000000036527568
1.14994199418224e-09
1.000000000517474
1.9679999993186204
1.000000000135851
0.1598720010562508
1.0047967847214596
2.355565241319234e-10
1.0000000000471112
0.15987200011086233
7.602301074137747
9.664070324766406
10.104991874566327
11.015708647686917
11.68012795159421
11.959714209046693
14.80611654433862
15.01074107726216
15.741434845852076
16.770105291361567
17.297648336396094
17.447022719645275
18.922149723152163
21.08724724111308
25.219664790425472
25.307655034619046
28.108650780356598
24.46302488198402
22.87133982664446
19.495046153892446
16.76149328100985
13.71916830559445
11.702755229639083
14.768444884578603
17.28764605156214
14.995788524362839
5.3596914428999
9.22400337341576
4.236344823660255
1.1093817871613971
0.5154102371716877
0.011188129040925733
1.0005009299786456
1.9834941192040216
1.420186924806085
2.234291480087322
1.359635384039371
0.2433455249265891
1.0003879710812313
0.16626253747711922
1.0239027163788141
0.1659265922496883
1.0041239551534138
2.0014382192512636
1.095602436380392
0.8552005975186125
1.0201233746223939
0.7990723590213592
1.0186759071715907
2.0148130481801463
0.9997129009710451
0.0
1.0
0.15987199999999968
1.0035102931897077
0.786497495189378
1.10066627274703
0.0
1.0
0.15987199999999968
0.9999992013806532
0.7839999393049293
0.999978435838436
1.9679868027331224
1.273588492632491
2.2081066194311396
0.9999538497082348
0.15987185379587573
1.1165142987275343
0.8711577106931452
0.9999972028247999
0.7839997874146848
1.1002666589388725
2.0459941803013955
1.293581254746551
0.2232197357386531
1.0051495428180397
1.972176675329787
1.0551704663619335
0.16988234179099132
0.9999992443757717
0.0
1.0
0.15987199999999968
0.9999992013806532
0.0
1.0
0.0
1.0
0.0
1.0
0.0
1.0
0.15987199999999968
1.0208111423703703
0.0
1.0
0.15987199999999968
1.0035102931897077
1.970839575215435
5.256525565871564
4.646814486081747
5.252703584568035
4.897368029711399
5.649409599191566
6.544836556694193
7.453656529248696
7.115952802011719
8.471475955254887
10.236968882884243
12.204753457981655
14.096883952697404
16.3475322915062
20.49101333078574
20.035995790579122
21.67018630321641
22.603154762434112
18.654936092860527
20.552536322634968
18.720943164332873
23.445607384863177
24.40054595907652
23.399018010571048
29.435111550023286
26.673479009910018
24.210381991301524
20.40436143092483
21.58325582087629
19.639527875442997
17.26805766737083
14.23115661159896
12.765266264447302
5.587585510229183
6.192654508681521
4.951652187638568
4.336244799937552
2.7775381976171243
2.1127984035300496
1.8311302131886527
2.3545760800522535
7.1811889163501785
1.8270752380188238
1.3344414993048697
3.605360861799788
1.817165179770944
1.453172706728245
2.2034709748127828
1.7635227024175675
1.282118040783376
2.6804864480813384
2.762815969359711
1.34273566163717
0.40636347281137636
1.2727734907544066
1.645264673543712
1.026838986273095
0.19433082476259322
1.0650509089288849
0.24048102292476325
1.1424120268817524
0.2966519401908201
1.085070675508386
0.2705305130291458
1.0809590929128239
0.8898387360470125
1.2474303967882647
2.2516818789353885
2.0050089058660445
1.4736667212857002
1.6291293007442613
2.342427259421625
2.0097211624104134
1.5733631299121411
2.859664430466829
1.5439954139681678
1.4643137311357939
0.7414502167184182
1.780195582254462
0.6957103582700963
1.5396321749827804
0.8557234262128188
1.4377149467845847
0.38274977284002376
2.0033544267921926
1.0225523899830145
1.285386974128005
2.262618153399265
1.9127906693675578
1.5187466168744954
1.629193873993063
1.275353510896738
1.4140701033663294
0.7126720489969482
1.7444694933614167
0.6681587767247178
3.359953726164559
3.614211283502922
1.3530791197122356
0.39092872836606307
1.09910999048533
14.245588647955232
11.204013673417764
13.444719243886896
15.149600724086662
15.856586137832217
17.554662278490913
17.83986349210573
20.993252625186745
18.899811429018037
19.410908922440523
21.543854186540756
26.483018574676024
31.365472086803564
27.32108131834888
25.0856540610896
17.053778638817857
15.35669050035085
14.215746081659564
13.733319288563544
12.663974861557334
12.32090880575284
11.77569454481957
6.663859920363334
7.268538351064603
4.394611263164959
4.682699227867478
2.108374869554597
1.9872124056007199
0.9480508204974839
1.3498285502334344
0.5190048001748693
1.1326657240795053
0.8695276398127996
1.3114603343438342
0.5455763487428488
1.153010084525563
0.1985216591793935
1.0727955923811021
0.2244143764403392
1.0588251459645723
0.8615101409255267
1.2822637124562546
0.524667196492684
1.0825562697253468
0.2713315094675419
1.0791243583844043
2.055337274218227
2.0818154193303418
1.982124597695931
1.930008299577528
3.8381611506835633
1.4433594752776386
0.6562391973225971
1.0388223348187493
0.05008732347370078
1.3000361319339164
1.9992405867507086
1.6219455941415748
1.2280019742610082
1.5243139433438646
2.2359086556420396
2.5513513622541457
2.2358452199706584
3.730008340412969
2.422475074778291
2.3528333591823922
2.6911920004692393
3.862800774881805
8.721878445572006
0.2423388897784114
1.0488867922926481
0.8128073647151818
1.1440490877657876
1.5847825924500316e-15
1.0000000000000004
3.7357336573571343e-16
1.0000000000000013
0.15987200000000018
1.0047967844884416
7.854325000554368e-17
1.0
0.7840000000000007
1.1381607462277095
8.273021602916039e-19
1.0
0.7840000000000007
1.1381607462277095
0.8706175865181733
1.0275859044328906
2.0351284804864878
1.6109180827443117
3.080795078972257e-21
1.0
1.968
1.0
0.7839999999999996
1.138160746227709
0.18120440629665432
1.0055380082908805
8.482362569737597e-24
3.3128647544002754
2.8711843345482255
0.0
1.0
0.15987199999999968
1.0035102931897077
0.786497495189378
1.0178235774633828
0.16302956786125836
0.9999992066538423
0.0
1.0
0.15987199999999968
0.9999992013806532
0.0
1.0
0.15987199999999968
0.9999992013806532
0.0
1.0
0.0
1.0
0.7840000000000008
1.4291830404595527
2.2587973266588723
1.858045224354564
1.8388137701843958
1.0495526677740272
2.049675456921574
1.4454990069028548
0.26982127356449875
1.2022655016901838
2.1174400133068034
1.0647184882570597
0.8299696188260843
1.0191627867045412
0.0
1.0
0.7840000000000008
1.0177597732371986
1.9822982619130367
1.055643541061579
0.8244530044459879
1.0187997017167865
0.7974252721429221
1.4347697399351795
2.299154092915792
1.1371019212199571
0.0
1.0
0.7840000000000008
0.9999791497258188
0.0
1.0
0.15987199999999968
1.1162271064985685
0.18193977202059344
1.004077035148823
0.7868700191874113
1.017838864048216
0.0
1.0
1.9679999999999993
1.0548934730700315
2.0116509852931186
1.0572141158316473
0.17022197797255678
1.0037599134301853
0.0
1.0
0.15987199999999968
1.0035102931897077
0.0
1.0
2.0
1.0943037567138678
0.0
1.0
0.15987199999999968
0.9999992013806532
0.7839999393049293
1.4290450901518568
2.2956138519263902
0.9990268614951849
0.7839260414736333
1.017968469799195
0.7967818611829306
0.9999817972135561
0.0
1.0
0.0
1.0
0.15987199999999968
1.1162271064985685
0.0
1.0
0.7840000000000008
0.9999791497258188
0.1598719339463311
1.0035043553263439
27.37581340361592
24.056710160004904
22.279280672002358
25.092135618375533
28.355839941148265
28.247961038702368
26.304985209430292
28.777658756369807
28.53228201857502
31.484255133229933
30.960617988774302
29.793345283684314
24.77325405836526
22.723622017755076
20.844515145700633
17.940007161467186
16.07220482857253
20.652540518504768
21.445720897492677
19.02881292115012
18.1604060520273
14.64494821095947
12.397150084620538
8.849618996970223
2.680422838310512
1.596468442766318
1.4434381490282746
1.1186944669725056
1.2423989923034682
0.25201407919550284
1.0475749201054865
0.17633004824771167
1.032131556471287
2.038299774369563
1.6144366644696988
1.233208236305654
1.0423023444989834
0.0008903217016996542
1.0002880921209998
0.16045301858680147
1.1603009613796056
0.0001171641653938422
1.000049954064138
1.999999039062741
1.1325466888499116
0.8669630165636188
1.0274705662667851
0.8005653530175986
1.1415139645413832
0.8726448103354636
1.155875815986034
0.8813433905907821
1.0000042471416761
0.1599186870899904
1.0284794697111734
0.8012869756232479
1.0250185017728999
7.365449671063245e-06
1.000000552326236
1.9679809873940162
1.0000015655116998
0.7840156611440908
1.0243790559438635
1.9880749928472115
1.0775153532366368
0.8316331303407569
1.000004278728903
2.148404836156644e-05
1.0000042965757994
0.1598821112164455
1.004799015053178
2.0061151885968793
1.5982304043877384
2.565955924765012
8.295877293638885
8.290147790309199
9.411315815906597
4.8855665170253895
3.205773024748458
1.6978820316037548
1.0609639063972618
0.16830494800832801
1.0302271051823197
0.16428694287400025
1.029360347309227
0.16417049141015308
1.0293356410111176
6.507680662983693e-09
1.0000000013015362
1.9679999921313949
1.3849179288488702
3.654974092324088e-20
1.0
0.7840000000000007
1.0
0.15987199999999974
1.0047967844884416
1.9719828946653977
1.0
1.776507397815973e-21
38.248196950542294
38.91459083888836
38.728285598736754
35.79826134220357
35.336719274199915
32.417370433638844
31.450344818513354
25.991879875028385
19.150032088200508
16.008031697285972
8.16229034305589
7.376215359168017
6.210232249254321
5.726780547507728
17.609786078517484
14.07422714208756
10.595554094580308
11.996603947242189
8.999569776909913
7.3642314231234645
10.23812710239334
8.301875227157485
10.287334822054738
1.3646977705451206
1.8530846005250887
0.997622799749399
0.9147233558279055
1.0391668602667137
0.20989431823525467
0.9974788848083628
0.8211355160980327
1.0333348874503252
1.9519893502066856
2.2999342278443082
2.5893650302693763
1.2346489156139193
2.0468767216546913
1.0887258960601265
0.0
1.0
0.15987199999999968
1.1162271064985685
2.0987205645668556
1.4609760409886796
0.0
1.0
0.0
1.0
0.15987199999999968
1.0035102931897077
0.786497495189378
0.9999791959602002
0.15987193409280193
1.0035043619204744
1.970834459726945
0.9997903474851224
0.0
1.0
0.0
1.0
0.15987199999999968
0.9999992013806532
1.9679995112449606
1.2739255673959793
0.0
1.0
2.0
1.4140995370370377
0.26328687292439557
0.9999982732855611
0.15987199452976858
0.9999992407590843
0.0
1.0
0.7840000000000008
0.9999791497258188
0.7839984153791617
0.9999753759579217
0.7839981285728017
0.9999750338616074
0.0
1.0
1.9679999999999993
1.0548934730700315
0.16984372401519202
0.9999992153120795
0.7839999403637177
1.1002946379827814
0.0
1.0
0.0
1.0
1.9679999999999993
1.0548934730700315
0.16984372401519202
0.9999992153120795
0.0
1.0
0.7840000000000008
0.9999791497258188
27.37581340361592
29.848783492218214
25.54128208184946
26.41652238420418
27.001144484264366
31.647960085986966
34.15616811811206
32.4143224886415
27.55790042639962
28.202726566382214
23.081341221308058
19.328099528143426
17.575901983820437
16.305285870242713
16.086421103839616
18.656418490070482
17.4126909430127
14.780787913426991
8.683744325681628
5.463323912870249
2.958084755905627
1.991033472164993
1.482004947889571
0.5555706400168453
1.224169911020761
0.35309218266326137
1.04283950235134
1.8875730043405592
1.102737672639261
0.030585897220707738
1.0301088737701958
0.8005963535119792
0.9896264112556707
1.9078631620104807
1.6193201621835018
1.2262308447636556
0.9282185488049239
0.32886876626756023
1.1079774681943688
0.22897796455126854
1.0170995865187822
0.8169607477739933
1.0369317264345606
0.8281158377349911
0.9935197434240042
0.224973768586955
1.016954248342118
0.01479480569025968
1.0028513928596228
0.7903623698227067
1.0272849429948308
1.970322776264455
1.082085403695933
0.1814330106910476
0.9976845295651614
1.8979257785572874
0.9276176036897481
0.8988021617381428
0.556011253899901
1.2621459862524296
0.11171775428664163
1.1186572529028636
1.9229917175333526
0.9752773154529839
1.8346427950484396
1.6749075046524229
1.235337422642785
0.9384609651349042
0.9121340786473855
0.5137309899592568
0.7338639337929399
0.25109585051038685
0.9166689360932363
0.3811784626132964
0.6658442604750578
0.25109585051037375
0.9166689360932274
0.3811784626132937
0.6658442604750483
0.25109585051036176
1.1089481369883254
1.8411332615492757
1.1283951975750037
0.30151647871985526
1.0922594391673894
0.8518664137812338
1.043062550037401
0.21352105138129074
1.052842196196847
0.0079487848735364
1.0015582732706638
1.99558028512157
1.135345157054687
0.0017524426467611445
1.0003489383194046
0.0003537358682886916
1.0000706838227944
7.140225720577939e-05
1.0000321299199781
0.15989558484910094
37.90444198416071
39.16833588573282
37.733856906360174
35.37302374322238
36.109817004829736
32.12064284295935
29.232536906486413
24.5540373437472
25.47341479683134
22.64548108720294
16.67139179700728
12.020883287301137
9.89537294084304
2.562746804665486
2.0205574988097004
2.022740404295728
4.15540264720244
5.545156664577717
4.521066881771984
1.4617067972722557
0.4033614478612621
1.1015502014793734
0.0965945858828757
1.0573819871251031
0.058684575823711393
1.0245698355294037
0.790245639756149
1.1391496550424631
0.871457605389501
1.672652159339455
0.0001570943785698793
1.000021176134899
0.7840178620375586
1.0243773544980384
0.7987758543772688
1.0000151972220264
0.1598780633008393
1.000004107452693
0.7840011158332292
1.0000010045192618
0.15987245613325718
1.0047968723333713
0.7868911313394832
1.0244783084333111
0.16345466648525178
1.0291888876148858
0.16414690932883733
1.0049454931876636
0.16058824998960675
1.1605997993708705
0.885344108396545
1.1583693900638772
0.8828592635611658
1.028052233110185
2.391535069833136e-12
1.0000000000002622
2.342546571014089e-13
1.0000000000000586
0.15987200000003815
1.028457147698222
4.626645167341268e-15
1.0000000000000007
5.63939401511628e-16
1.0000000000000004
1.968
1.0000000000000002
8.627524998084736e-17
1.0
0.7840000000000007
1.0243712981160873
0.7987718873978149
1.0
0.15987199999999976
1.0284571476982167
0.16404599410586201
1.0293095026225478
1.9921705675734889
1.0777698694113544
0.8317585633428508
1.0261426520246102
0.7997782199275041
1.0
0.7840000000000007
1.0
1.968
2.118772351615326
2.883709470496167
3.4529048767031885
3.3335785863944936
2.1572541673114003
4.568366367674466
1.6679879322845128
2.43802155134978
1.109365079147838
2.0561430240110794
1.0820483661106783
0.17204377637948526
1.0309506134527187
0.8026998411496317
0.9999999999997689
36.86726055326442
31.870925856956763
32.68127519267978
38.216599612601655
39.053414277838
35.8563605547881
33.05217847708276
30.29963665269495
29.441171159049812
31.149389137315755
26.719989156693536
25.65923536182435
22.856862044759268
19.78318044199147
16.701471826097965
15.21280481639387
10.740072884762247
15.77459579256788
12.495967057098305
8.78905162562301
5.49931828861646
3.4824394595263826
1.9500375272737096
0.7795801040996287
1.4836551501845063
2.057924115583904
1.0497707911630543
0.04423492809143689
1.0061512954050524
0.7891635872209273
1.0261370058123462
0.16472872152893245
1.00524844315829
0.7871492292895077
1.0245423758227226
0.16349911626441616
1.0291954108794532
0.1641525426957574
1.0049470007750563
0.7869763450444351
1.024481769998717
2.673749120894853e-07
1.000000051284737
4.938737427858121e-08
1.0000000079912255
0.7840000040862931
1.0000000034860006
0.1598720017231906
1.1598226507733
2.0948962509227775
1.4230627263341027
2.279651670443813
1.000000000067656
0.1598720000499615
1.0047967845011159
0.16056814883998713
1.004820987873395
1.9552649539289467e-12
1.0000000000001643
0.7840000000001385
1.6140154756486533
0.2851210509888188
1.0091377970958324
2.0326991185486202e-14
1.0000000000000022
2.0289288685534463e-15
1.000000000000001
1.1061674021019679e-15
1.0
0.1598719999999998
1.0047967844884416
1.9719828946653977
3.5752851739243185
2.7079297940563705
1.1782296489619077
0.8885432956727026
1.0283374506391663
0.800995284331092
0.9999999999999999
0.7840000000000009
1.0243712981160873
4.967835294965458e-20
1.0
0.15987199999999974
1.0284571476982167
0.16404599410586201
1.0
0.15987199999999974
1.0047967844884416
0.16056814883157028
1.0285993550337085
0.16406560273735796
1.0049425890382524
9.035894104568682e-25
1.0
1.968
1.384917925925925
1.0454537612642167
1.0341504166573878
0.8043407544803622
2.082808135496456
3.1929922597213998
4.166956261128727
4.994543956224476
6.172407798200299
7.350007936886875
9.647587151185444
11.291685525063174
12.538849858930128
16.867220550461937
20.19006647864982
26.297809665927137
27.276862833584985
24.58368143486783
24.61070512353396
21.829666381278894
19.875288708345803
16.48947709282799
14.116278832882687
13.718011690336523
12.374049484180237
11.182979627601094
10.091743946985162
9.819545158868792
8.912691860288856
8.25342346834115
7.569989739571971
6.993306708039413
5.854731475248456
5.392667489104866
9.865500073005874
7.195136455981946
6.499198718457209
13.552361889921361
14.658783654857558
10.526324280791995
5.290627369091764
3.4233908673816003
3.2897264633440266
1.4142379229056412
1.2851492965917102
0.9408348313181479
1.0758380234068032
0.2067253582642369
1.128959765258939
0.23514234214104718
1.1652252214671543
0.2208394896777683
1.0208712390869026
0.181387305920713
1.035443374120375
1.9834313503439833
1.0821960757073277
0.17881814740969287
1.0006430184639927
0.7900875479024216
1.6177701142986132
1.240108301324729
1.000714866310699
0.17245599143671098
1.0005290644356672
0.005413019525920517
1.0064439286522446
0.16253306308238283
1.0001967662351046
0.16253295704085913
1.0053797264538522
0.7881574581420401
1.0250744122963686
2.0292221221391795
1.137072220249073
0.1821914344103462
0.9999459561096766
1.2999737629400445e-08
1.0000000005991443
0.784000000167542
1.0243712981627875
0.16344011193781588
1.0000000000245661
0.15987200001111274
1.1598226505812192
0.1848115697010716
1.0000000000007787
0.7840000000002448
1.0000000000002156
2.235326856911607e-13
1.0000000000000093
8.844698426058202e-15
1.000000000000002
0.15987200000000112
1.000000000000001
1.968
1.3849179259259252
2.3999045620229746
1.769684960563412
0.3156032246733055
1.0102902148089659
1.1929395546752012e-17
1.0
7.638098205515681e-18
38.248196950542294
39.22081148968593
39.65700087851532
39.51328796009566
36.821949485626675
38.29798591082019
37.84847761374788
34.49097754182246
31.944428891494983
28.596882748483853
24.677344816225503
16.62593828618479
10.998960187688619
9.663358383744056
12.343284464280261
17.166073995387386
14.775415198128048
9.503425808270027
5.568682202438459
4.037160726052245
4.1229946163398274
2.87986671864221
2.774474847729766
1.3554400634534858
1.3284034566701521
0.4245118783753203
1.4844692666846808
0.43591377824279215
1.1009709020902707
0.27780884906551895
1.0822174773818123
0.8791065584968007
1.318870462014738
1.206728627330137
1.3995495682533803
1.2835892874477923
1.441501135330204
0.754832980496323
1.274157700246353
0.4442061957583893
1.1083592325746314
0.2965788089782387
1.0920832647438259
0.15094811245381512
1.0213178954638118
0.8095417910154824
1.2101823233023863
0.515414856610243
1.5337990055330994
0.5457257955915317
1.1105661669072735
0.299221439733246
1.212562191126382
2.0530407417348764
1.6625279569449873
1.7567308488470994
2.554227404439659
2.5924031705350066
1.4850523171889984
1.0753725100433857
1.3604018532979365
2.378891061947098
1.87779349796823
1.5385377509953324
0.13433307754431262
0.7793025110669615
1.0641795631856097
0.9700258961710232
0.7817220004836529
1.0241423003891998
0.7987475510551737
1.0249157499273398
0.16351449447992766
1.1637685241646125
0.18542234539351699
1.033667109964326
0.16476555390148356
1.0049675910785518
1.9721254601881812
1.0000000010341272
0.15987201063058892
1.0284571527812885
1.9914686691501724
1.391831264885674
2.2587756269655728
1.00000000149434
1.9679999701398498
2.1187723484851912
2.6278894217329576
4.438713562144195
3.73743982876474
2.4435479852756075
3.3736272131146596
2.2520064269285514
2.7056984732348734
1.1384088236439718
0.17782963132607327
1.0054376688751545
0.16065368610658493
1.0048240605802474
29.037359202289483
28.862286759718643
22.796984366195144
20.145748785106303
18.554469248239535
9.282913443044182
6.989949765302746
6.5425775889052336
7.245179956343431
6.336788828088796
5.586161140296371
6.611051262242331
8.264515803332666
2.800779948434168
2.0386007782404185
1.5628503919150638
1.5341122391843258
1.1305884982205645
1.1428359477321
0.971613460023375
1.2931738028935766
0.9841099089307003
0.915439874540064
0.9389069407609838
1.0492698597197794
0.40411255247009215
0.9043018082824447
0.40059787966702576
1.0328678361515504
0.29520018990001384
1.0918345104696972
1.9082376211115137
1.113317161928103
0.24717097146016448
0.9902134253165534
0.033429561837877736
1.0061558871460319
0.17558458122417517
1.0005012974132088
0.17558447561587895
1.0081240010175412
0.7943139892203996
1.027881729832531
0.0035268836908717606
1.0015844663183562
1.9659176163994059
1.000382412414763
0.7867850864113181
1.0257252622982118
2.026821653326198
1.1384291314897435
2.068129671252987
1.085913794884391
0.0020491769105552863
1.000407717074931
0.0004136334689474673
1.0000826400833418
1.9675001678663422
1.385103661048321
8.983589177853452e-05
1.000006715131051
1.5390814705477427e-14
1.0000000000000004
0.15987199999999996
1.0
0.7840000000000007
1.0
0.7840000000000007
1.0
0.7840000000000007
1.0
1.968
1.0761793779851587
0.8308786527606292
1.0
0.15987199999999974
1.0
0.7840000000000007
1.0243712981160873
0.7987718873978149
1.0
3.652256974930959e-21
1.0
2.4043221315915606e-22
1.0
0.15987199999999974
1.0047967844884416
2.00612148925354
1.13318768281677
9.16675205970668e-25
1.0
1.968
1.384917925925925
0.22761372635425173
1.0422053662134736
0.8091940415155385
1.14323320942346
0.8736652779772038
1.1560618510589884
0.18390301504393217
31.39426110648175
28.667551081199882
25.18679911384103
24.577396770160682
20.748879360905082
18.480414466366412
12.106593529518396
16.755063432582492
12.658190730370363
8.603392254108751
8.800661339425599
3.482177925634367
2.4491493017143537
1.391057500449915
0.9026347814405616
0.1396354327615851
1.0613295058268677
2.082999737163706
1.2101091513008078
2.384691422683418
2.385629146222855
2.172656503984863
0.9027222076143682
0.9604177851286473
0.7193943463963681
1.3334281713079283
0.4626811544124284
1.0324759224690188
0.0797166240757943
1.0349181194548367
0.18671327902772356
1.0336518973660338
2.0067214061497745
1.4389786456824387
1.1645484545727094
1.0003014658128964
0.010935836615601624
1.000496663521943
0.1697615789019074
1.1265265136618798
0.18735549532236992
1.005274312305643
0.16344597273841915
1.0041577086758602
0.0
1.0
1.9679999999999993
0.9997899600924176
0.1598713345935728
1.0034914031677644
0.7864913778249643
1.0178213973028938
0.16302941090271458
1.0035856469422348
0.786548908949185
1.0178250951400183
0.16302980218753035
1.0212530331316738
0.16364218644872708
0.9999993403025562
1.9679995962651633
1.0548735037300323
0.8239551839093094
1.1057536338984557
2.091297106479721
0.9998653227496246
0.0
1.0
0.7840000000000008
1.0177597732371986
0.16301879737260563
1.0212512358966648
0.7992207008049526
1.0181807142202528
0.16308660920906828
0.9999992250887456
1.9999992250887455
0.9993203917716256
1.9993203917716253
1.0928828359059886
0.0
1.0
1.9679999999999993
0.9997899600924176
0.1598713345935728
1.020701553878818
0.16355901706135167
1.0213563672998323
1.9851519934231028
1.0559080810080177
0.0
1.0
0.0
1.0
1.9679999999999993
1.2740054999999992
0.0
1.0
0.7840000000000008
1.0177597732371986
35.14171042606723
31.923457050695205
33.3103697374323
32.77443273684219
33.028435587636295
30.65162251423643
25.150861670761646
21.816303361298868
22.125117553361527
15.443056968882786
8.009217585961741
5.683553799004558
5.074366248822513
2.6543136900738875
2.0075269977972883
0.7859413427834832
1.17313152150437
1.974939812337253
1.2329791368947312
0.08781323924240467
1.0255062618962052
2.002770590724865
2.4314741210754716
3.0073633682973004
1.2965722283902392
0.011198099396050988
1.01168805144743
0.7904235605054417
1.1427096838644148
2.0713772079432538
2.1859901134078776
2.928614396928236
1.2537416880492414
2.992461022209537e-05
1.0000027538668994
0.15987429624407007
1.028457474314703
3.8704873428728623e-07
1.0000002582938423
2.693869052689109e-07
1.000000012105506
0.15987201034816884
1.0284571491069228
1.320145897563189e-09
1.0000000001505258
0.7840000001301697
1.0243712981630906
4.50201514617157e-11
1.0000000001582747
1.5428640982749696e-10
1.0000000000579514
0.15987200002435717
1.0047967844926267
0.7868910869955139
1.138739296082153
0.18129108052581183
1.0055411127719933
0.16066880875197498
1.028620488221521
2.036017714749237
1.0000000000000058
0.1598720000000045
1.0000000000000036
3.699622904866526e-15
1.0000000000000004
1.968
1.3849179259259252
1.0454537612642167
1.0
0.7840000000000007
1.0243712981160873
1.4929771914651752e-17
1.0
0.15987199999999974
1.0284571476982167
0.8012687954609483
1.025010680610889
0.16352704596870263
1.0049239456900072
0.16058533621786725
1.00482160194038
0.16057150322811048
1.028600059357335
2.0359897781004945
1.1366066379610014
8.215597564969907e-23
1.0
0.7840000000000007
1.0
0.7840000000000007
1.1381607462277095
2.078388903522826
1.0836361125753216
0.17228871399622422
1.0
0.7840000000000007
1.1381607462277095
1.4272512596307248e-26
1.0
9.718299947541718e-27
36.86726055326442
38.02702304392587
39.42436176692842
38.056406006095855
40.69272948520417
41.74296210253688
40.948248964802424
40.90039966120265
35.14666780608889
31.228673928282007
27.719284815955138
24.197561342693998
25.98233582730369
21.899206274301903
16.465264399428268
6.944520190115602
5.038184270218541
0.0
0.0
1.0
0.15987199999999968
1.1162271064985685
0.8710629718266414
1.020199290448018
0.0
1.0
0.15987199999999968
1.0035102931897077
0.16048822498863446
1.0035249999535454
0.16049068692442547
1.0035250664970496
1.970851582714691
1.0550424417930853
0.16986795235085397
1.0222093264249896
1.9858333452194086
0.9998335053434905
1.967898105270217
1.054563960056985
0.0
1.0
0.0
1.0
2.0
1.0943037567138678
0.17748264952216072
0.9999992259032355
1.9679995262527812
1.0548718367756158
0.16984236912524234
1.022202566353061
1.9858278035553405
1.0559472904887206
0.0
1.0
0.0
1.0
0.0
1.0
0.0
1.0
0.15987199999999968
1.1162271064985685
0.18193977202059344
0.999999878976758
0.0
1.0
2.0
1.846534962962962
1.9871629526697776
1.7503937323876237
2.4518605123773876
0.9801226513862454
0.782489321505355
1.1051379439730227
0.0
1.0
0.0
1.0
0.0
1.0
0.15987199999999968
0.9999992013806532
0.15987199746997385
1.1161893188186198
0.18193700381620936
1.0241258361699281
1.9873736813641332
1.0560653487844496
2.012547324810421
1.6858051673949161
2.385415069815623
1.091287814738347
0.0
1.0
0.15987199999999968
0.9999992013806532
0.7839999393049293
0.999978435838436
22.249859379459895
20.367299462485118
20.6134976771352
19.946487972162874
19.000522356233592
19.232104640510855
20.353200159702823
22.259958599118576
26.01415570885438
29.36514403459763
27.735507407702556
26.78593547797977
24.680570098924928
22.235045399155066
22.088743337136478
19.85905578577775
18.928928966567042
16.78308131337856
15.434938762142147
13.614315342309654
11.851553226838416
6.476167623545294
5.063400999126576
3.1468757957690974
2.1956603431843638
2.2713702354264194
1.6388676249310135
1.9039517107278865
1.3214366298200002
1.347854204067644
0.8190551069398578
1.1750943618602272
0.37883673970191906
1.1318538400879599
0.931507430142437
1.3366730930979691
1.177739380335827
1.629145826189802
0.8879189308862957
1.755541092575075
1.415942725868943
1.1071513889195193
2.0501363808763213
1.7013122573012671
1.2509961223409765
5.99669032517245
2.5694889950349484
3.291728231821866
1.780175870687497
1.570367505100265
0.873163232712267
1.3373057458874407
1.0781487729648025
1.382776075914117
0.47148798179441465
1.619529513963204
2.0898593870752484
2.1909236622152775
1.5524118588182665
1.5900149701364454
0.7584711243174883
1.2400181347188157
0.4123869978577941
1.1059167271619208
0.9194993694539473
1.3370086151726266
0.5780145522537005
1.5940506765589029
0.5946503798275489
3.09394982132429
1.2999745058415009
1.7847482906468153
1.281143257642304
1.4246716673375588
0.6953828885531445
1.2253232682039263
0.939552173388287
1.2629499537261253
0.5661479779166612
1.2086636889547873
0.33495198002188054
1.2980119211382526
0.8784638736379006
1.29038617294373
0.5650113387832916
1.20273715050225
0.3816043417429866
1.0989270959328261
0.9105115916213308
1.3314088223818206
1.2211983234313808
1.4063592537657887
0.7354510098738544
4.112307117201163
2.101626128621879
1.3492057765102807
1.1514693885363876
1.352602878064141
2.3255601158625745
1.9871720702248883
